0.295008847756301 APERIODIC_JOB_ARRIVAL 0.963805981682762 35
2.49246591011762 APERIODIC_JOB_ARRIVAL 0.775752362434155 62
5.0044004917393 APERIODIC_JOB_ARRIVAL 0.139473170552285 51
5.69995171530821 APERIODIC_JOB_ARRIVAL 0.66279821305539 61
6.0698386338407 APERIODIC_JOB_ARRIVAL 0.162729162309932 38
6.8400832225315 APERIODIC_JOB_ARRIVAL 0.4939270197164 90
7.46749367335771 APERIODIC_JOB_ARRIVAL 3.28851133146163 83
7.7291025692364 APERIODIC_JOB_ARRIVAL 0.458040052715887 76
7.82469676050227 APERIODIC_JOB_ARRIVAL 0.64314554194181 98
8.44833700692875 APERIODIC_JOB_ARRIVAL 0.629808538655016 53
9.27470130531924 APERIODIC_JOB_ARRIVAL 0.945670216141071 43
9.35599576156551 APERIODIC_JOB_ARRIVAL 2.52621474835996 42
9.50694179566492 APERIODIC_JOB_ARRIVAL 0.0255687986207692 81
9.67075129313377 APERIODIC_JOB_ARRIVAL 1.24093182221435 21
11.2516717008884 APERIODIC_JOB_ARRIVAL 2.10185550652803 20
12.4494308217971 APERIODIC_JOB_ARRIVAL 0.285109477733395 69
15.3426575258937 APERIODIC_JOB_ARRIVAL 1.1652899016168 76
16.5813204937011 APERIODIC_JOB_ARRIVAL 0.512674353402618 11
16.7377691321639 APERIODIC_JOB_ARRIVAL 1.37880924325443 71
16.9587519579828 APERIODIC_JOB_ARRIVAL 0.182072541148873 20
18.5020068285962 APERIODIC_JOB_ARRIVAL 2.17989698830621 40
19.0868841530681 APERIODIC_JOB_ARRIVAL 0.580289807971348 55
19.2329264034625 APERIODIC_JOB_ARRIVAL 0.0622600084768872 84
21.2064963427235 APERIODIC_JOB_ARRIVAL 0.54715771569182 83
21.8619244522548 APERIODIC_JOB_ARRIVAL 1.10329853728715 90
23.0298217764142 APERIODIC_JOB_ARRIVAL 0.697495792006917 34
24.684057697275 APERIODIC_JOB_ARRIVAL 1.79787552265357 44
26.069522439471 APERIODIC_JOB_ARRIVAL 0.557887357144334 70
28.7295861459574 APERIODIC_JOB_ARRIVAL 0.616158778808003 99
28.9367675454146 APERIODIC_JOB_ARRIVAL 0.052771406522426 83
29.3117892906059 APERIODIC_JOB_ARRIVAL 1.13054250234999 2
30.6570451903692 APERIODIC_JOB_ARRIVAL 4.09870467824518 18
31.1364369986988 APERIODIC_JOB_ARRIVAL 0.810832341572174 78
31.852855579327 APERIODIC_JOB_ARRIVAL 0.554629618080594 65
33.3161156095334 APERIODIC_JOB_ARRIVAL 0.15744616596818 15
34.3784934332482 APERIODIC_JOB_ARRIVAL 0.433810714684066 58
36.3090953502555 APERIODIC_JOB_ARRIVAL 0.494399988217843 30
38.1735004088446 APERIODIC_JOB_ARRIVAL 1.26136288149377 29
38.24730725029 APERIODIC_JOB_ARRIVAL 1.38598196759116 70
38.4469123278851 APERIODIC_JOB_ARRIVAL 0.231167240717686 55
38.9346446369896 APERIODIC_JOB_ARRIVAL 0.175552809818323 2
39.4117319876063 APERIODIC_JOB_ARRIVAL 1.23857013645715 40
39.8967175333209 APERIODIC_JOB_ARRIVAL 2.04620032869057 79
39.9565103354545 APERIODIC_JOB_ARRIVAL 1.86397773683481 54
40.5671510103138 APERIODIC_JOB_ARRIVAL 0.438742052447765 89
40.5797341780018 APERIODIC_JOB_ARRIVAL 3.00272864629668 25
40.8829226550686 APERIODIC_JOB_ARRIVAL 0.465889502731633 91
42.1473306810777 APERIODIC_JOB_ARRIVAL 0.16478601699987 87
42.6382811906339 APERIODIC_JOB_ARRIVAL 2.16143177226335 52
43.9619554659174 APERIODIC_JOB_ARRIVAL 0.482329965749647 20
44.8931995275495 APERIODIC_JOB_ARRIVAL 0.0973097760721506 51
44.9666534284887 APERIODIC_JOB_ARRIVAL 1.20966819043206 69
45.42974366399 APERIODIC_JOB_ARRIVAL 1.36929096683388 82
45.5991269911448 APERIODIC_JOB_ARRIVAL 0.0431153037694147 2
45.6499138025181 APERIODIC_JOB_ARRIVAL 0.457818278733522 85
46.3339018875706 APERIODIC_JOB_ARRIVAL 0.268672741110637 72
46.8287384373239 APERIODIC_JOB_ARRIVAL 1.83448881225503 40
46.8865090192656 APERIODIC_JOB_ARRIVAL 1.40968371966515 95
48.4874416862818 APERIODIC_JOB_ARRIVAL 0.769953013751196 93
48.8240250756758 APERIODIC_JOB_ARRIVAL 2.68372640541432 36
49.3497996435225 APERIODIC_JOB_ARRIVAL 0.901120892472374 74
50.1500457947805 APERIODIC_JOB_ARRIVAL 1.04506194454636 96
50.9392691050072 APERIODIC_JOB_ARRIVAL 3.33266800603031 83
53.0477720194167 APERIODIC_JOB_ARRIVAL 0.945185791313481 46
55.5103096905257 APERIODIC_JOB_ARRIVAL 0.276276083312387 48
56.4596847690666 APERIODIC_JOB_ARRIVAL 0.842938483374818 29
57.6967943418758 APERIODIC_JOB_ARRIVAL 4.55660599407395 94
57.7567375095762 APERIODIC_JOB_ARRIVAL 0.726884541863361 71
58.0669346288817 APERIODIC_JOB_ARRIVAL 0.258224740864889 42
58.1662859079443 APERIODIC_JOB_ARRIVAL 0.88284751811446 37
62.9266006629425 APERIODIC_JOB_ARRIVAL 0.552694674188315 2
63.0162296373087 APERIODIC_JOB_ARRIVAL 0.988903299450508 52
63.2105494385338 APERIODIC_JOB_ARRIVAL 1.46316817589778 75
63.4204432619187 APERIODIC_JOB_ARRIVAL 0.00387076770913456 57
63.5213087384655 APERIODIC_JOB_ARRIVAL 2.75753806772135 30
63.8426569601741 APERIODIC_JOB_ARRIVAL 1.59291472064333 83
64.0498484813544 APERIODIC_JOB_ARRIVAL 1.68212235497512 14
64.573459232114 APERIODIC_JOB_ARRIVAL 0.317408442383413 63
65.0597585346751 APERIODIC_JOB_ARRIVAL 1.2556398552288 47
68.3513854937012 APERIODIC_JOB_ARRIVAL 3.27098936976969 52
68.4608264117023 APERIODIC_JOB_ARRIVAL 0.0408103799089541 7
69.3799949668508 APERIODIC_JOB_ARRIVAL 1.91995302992342 72
69.6807116234429 APERIODIC_JOB_ARRIVAL 0.534856106529643 49
69.7800525713462 APERIODIC_JOB_ARRIVAL 0.030550087861388 24
69.8201360944801 APERIODIC_JOB_ARRIVAL 0.0660575372953269 46
70.3205475375884 APERIODIC_JOB_ARRIVAL 1.08492265704422 95
70.5303011122244 APERIODIC_JOB_ARRIVAL 2.22189426742439 4
71.9106063612697 APERIODIC_JOB_ARRIVAL 1.0809406380473 43
71.9338870995032 APERIODIC_JOB_ARRIVAL 0.706153864816649 93
72.6939715177721 APERIODIC_JOB_ARRIVAL 1.42332160654511 67
73.4279711116048 APERIODIC_JOB_ARRIVAL 0.0785920669584252 61
75.6346198520672 APERIODIC_JOB_ARRIVAL 1.97135877827978 91
75.6417725430058 APERIODIC_JOB_ARRIVAL 0.173222830631117 20
75.8357298715627 APERIODIC_JOB_ARRIVAL 0.701294268978398 62
76.5319868524169 APERIODIC_JOB_ARRIVAL 0.0151122986251108 99
77.1072056943002 APERIODIC_JOB_ARRIVAL 0.624028554981165 86
77.9973090626241 APERIODIC_JOB_ARRIVAL 0.463503885670392 18
82.394038690748 APERIODIC_JOB_ARRIVAL 0.331807335981821 99
82.8569843976953 APERIODIC_JOB_ARRIVAL 0.0403470969609107 30
83.3201597704332 APERIODIC_JOB_ARRIVAL 0.987976209323626 29
85.1443468934805 APERIODIC_JOB_ARRIVAL 0.28763918601874 68
85.2265078770452 APERIODIC_JOB_ARRIVAL 0.579439193766275 45
86.9931536182766 APERIODIC_JOB_ARRIVAL 0.156220795679238 55
87.0947617583838 APERIODIC_JOB_ARRIVAL 0.346534393615644 17
87.4230151199796 APERIODIC_JOB_ARRIVAL 0.718774559482901 83
87.9420000803277 APERIODIC_JOB_ARRIVAL 0.643321625294263 10
89.7777749996504 APERIODIC_JOB_ARRIVAL 0.801158620289114 0
90.7448636067197 APERIODIC_JOB_ARRIVAL 0.615751712516387 95
91.1826228033229 APERIODIC_JOB_ARRIVAL 2.28492043208757 49
91.2524713076168 APERIODIC_JOB_ARRIVAL 4.61248622196201 89
91.6845462614978 APERIODIC_JOB_ARRIVAL 0.366433575494262 73
91.9601199654485 APERIODIC_JOB_ARRIVAL 0.363580342148586 14
92.7120640385269 APERIODIC_JOB_ARRIVAL 1.72635869020958 49
92.9599214650605 APERIODIC_JOB_ARRIVAL 0.100220266625548 13
93.3434148803415 APERIODIC_JOB_ARRIVAL 0.862055386841424 96
94.0811212845213 APERIODIC_JOB_ARRIVAL 0.265196793667754 70
95.1757113691484 APERIODIC_JOB_ARRIVAL 3.02076175834782 50
96.9085874492858 APERIODIC_JOB_ARRIVAL 0.293235574071689 21
97.2742640423833 APERIODIC_JOB_ARRIVAL 0.630407443317501 98
97.4045793068324 APERIODIC_JOB_ARRIVAL 0.353330521958167 15
97.7998346520322 APERIODIC_JOB_ARRIVAL 1.99518363533989 11
98.3531469106159 APERIODIC_JOB_ARRIVAL 0.292787564422023 27
100.266015842576 APERIODIC_JOB_ARRIVAL 0.720125735840284 79
101.952080632683 APERIODIC_JOB_ARRIVAL 0.188025671693442 49
102.304168374671 APERIODIC_JOB_ARRIVAL 0.446709924815958 77
102.755189700062 APERIODIC_JOB_ARRIVAL 0.0518242395897844 39
105.020852358106 APERIODIC_JOB_ARRIVAL 0.0592037327704853 69
105.795402211198 APERIODIC_JOB_ARRIVAL 0.631341956630322 31
107.757531060978 APERIODIC_JOB_ARRIVAL 3.89227938637188 87
108.303036579927 APERIODIC_JOB_ARRIVAL 0.272802768746014 27
109.458825602879 APERIODIC_JOB_ARRIVAL 0.844743225867255 65
110.828643721381 APERIODIC_JOB_ARRIVAL 0.0917132997403309 37
111.017430756344 APERIODIC_JOB_ARRIVAL 0.881459903446186 53
113.105265994996 APERIODIC_JOB_ARRIVAL 0.318011172440772 77
114.894501198561 APERIODIC_JOB_ARRIVAL 0.813415145173343 48
115.630617389846 APERIODIC_JOB_ARRIVAL 0.598022312685427 93
116.342493122093 APERIODIC_JOB_ARRIVAL 1.61292991870649 49
116.554124444772 APERIODIC_JOB_ARRIVAL 0.311071615747192 34
117.332715388628 APERIODIC_JOB_ARRIVAL 0.197730002813245 11
117.395617815959 APERIODIC_JOB_ARRIVAL 1.21542782135321 19
117.558487134141 APERIODIC_JOB_ARRIVAL 0.629900488234889 46
117.774620502987 APERIODIC_JOB_ARRIVAL 0.306217360055585 75
118.329055180122 APERIODIC_JOB_ARRIVAL 0.712124397428176 94
123.357649405334 APERIODIC_JOB_ARRIVAL 2.67498067737748 21
123.703450790213 APERIODIC_JOB_ARRIVAL 1.47777329426011 48
124.644188178988 APERIODIC_JOB_ARRIVAL 0.430451160947238 61
127.167061638576 APERIODIC_JOB_ARRIVAL 3.6715595164781 47
128.822943730997 APERIODIC_JOB_ARRIVAL 1.53189251827871 0
129.669306947616 APERIODIC_JOB_ARRIVAL 1.98985609104641 94
129.737048859366 APERIODIC_JOB_ARRIVAL 0.453783004406696 80
131.564060960272 APERIODIC_JOB_ARRIVAL 0.27181045534169 8
131.891191831515 APERIODIC_JOB_ARRIVAL 0.21970545230107 15
132.71050866062 APERIODIC_JOB_ARRIVAL 1.45290963046487 79
133.239893283388 APERIODIC_JOB_ARRIVAL 0.0814659108891573 1
133.777509726154 APERIODIC_JOB_ARRIVAL 2.16618390528559 3
133.990287126034 APERIODIC_JOB_ARRIVAL 0.909708426460711 31
133.993205142327 APERIODIC_JOB_ARRIVAL 0.904306365870426 99
134.14957416749 APERIODIC_JOB_ARRIVAL 0.801908983062858 71
136.572245245308 APERIODIC_JOB_ARRIVAL 0.599253167111136 74
136.613437373806 APERIODIC_JOB_ARRIVAL 1.22824118408559 96
137.369222817756 APERIODIC_JOB_ARRIVAL 0.183777315710134 5
137.496634917918 APERIODIC_JOB_ARRIVAL 0.243551742532922 12
139.206443935936 APERIODIC_JOB_ARRIVAL 0.186615078202485 50
139.782223832646 APERIODIC_JOB_ARRIVAL 0.401805992796055 54
139.941009729088 APERIODIC_JOB_ARRIVAL 0.382376253120841 4
140.412012370803 APERIODIC_JOB_ARRIVAL 0.658825717483195 98
141.511089550563 APERIODIC_JOB_ARRIVAL 0.306481468019404 79
141.53127147993 APERIODIC_JOB_ARRIVAL 0.287462976196224 52
146.233898812127 APERIODIC_JOB_ARRIVAL 0.206615451471104 46
150.453401239105 APERIODIC_JOB_ARRIVAL 0.265818303348435 35
151.171431303786 APERIODIC_JOB_ARRIVAL 0.0285827152169391 69
151.742129290478 APERIODIC_JOB_ARRIVAL 0.526702232317876 41
152.638522450403 APERIODIC_JOB_ARRIVAL 0.21567915389637 80
152.831956571965 APERIODIC_JOB_ARRIVAL 1.11688020476371 57
153.365051534481 APERIODIC_JOB_ARRIVAL 0.00350637043590429 71
154.512632215346 APERIODIC_JOB_ARRIVAL 0.133129832686708 63
154.761900707321 APERIODIC_JOB_ARRIVAL 2.56754509377872 77
156.010630408571 APERIODIC_JOB_ARRIVAL 0.724008584053192 62
156.565219922248 APERIODIC_JOB_ARRIVAL 1.03470589357433 7
157.473527779929 APERIODIC_JOB_ARRIVAL 0.875047955082357 14
159.548891974184 APERIODIC_JOB_ARRIVAL 1.44692190822283 76
160.459081504109 APERIODIC_JOB_ARRIVAL 0.194417972207674 41
160.517561611862 APERIODIC_JOB_ARRIVAL 0.921469817908367 3
161.47339139311 APERIODIC_JOB_ARRIVAL 3.34837419492401 24
165.441889372751 APERIODIC_JOB_ARRIVAL 0.934644402941722 7
166.202765122698 APERIODIC_JOB_ARRIVAL 0.14635100118668 22
167.025158277229 APERIODIC_JOB_ARRIVAL 3.7377210302428 87
167.245702487676 APERIODIC_JOB_ARRIVAL 0.810936551516173 61
167.284180705006 APERIODIC_JOB_ARRIVAL 0.751494539499125 30
167.760140141235 APERIODIC_JOB_ARRIVAL 0.848909541339921 54
167.784927621506 APERIODIC_JOB_ARRIVAL 1.93962572083349 61
168.130857952045 APERIODIC_JOB_ARRIVAL 1.66050200884955 63
168.277167382483 APERIODIC_JOB_ARRIVAL 0.0436777389171149 37
170.574668019413 APERIODIC_JOB_ARRIVAL 0.587135852231094 66
172.430993973965 APERIODIC_JOB_ARRIVAL 0.683939688924491 78
172.599800546208 APERIODIC_JOB_ARRIVAL 0.255463617329258 95
173.630875038006 APERIODIC_JOB_ARRIVAL 0.739470169567035 26
174.440415164152 APERIODIC_JOB_ARRIVAL 0.867178406258777 79
177.077806588294 APERIODIC_JOB_ARRIVAL 0.825876539394405 86
177.890432320286 APERIODIC_JOB_ARRIVAL 0.553914221027107 50
178.149788053418 APERIODIC_JOB_ARRIVAL 3.78725955357661 7
180.195697955601 APERIODIC_JOB_ARRIVAL 0.0295040139570377 69
181.932609548709 APERIODIC_JOB_ARRIVAL 0.200653720723458 52
186.415524473321 APERIODIC_JOB_ARRIVAL 0.0595423932398008 7
189.111346688461 APERIODIC_JOB_ARRIVAL 0.623905617823503 42
189.161133014224 APERIODIC_JOB_ARRIVAL 0.147322518921938 12
191.130929931886 APERIODIC_JOB_ARRIVAL 0.623448436220021 20
193.74002385629 APERIODIC_JOB_ARRIVAL 0.113038405672578 35
193.831861126909 APERIODIC_JOB_ARRIVAL 0.515324008199979 84
196.828718788228 APERIODIC_JOB_ARRIVAL 0.324888401746632 68
197.469579030798 APERIODIC_JOB_ARRIVAL 0.697360166545374 71
198.046890358002 APERIODIC_JOB_ARRIVAL 0.0663395510151809 29
198.929481280797 APERIODIC_JOB_ARRIVAL 0.213810382287163 45
199.446344614841 APERIODIC_JOB_ARRIVAL 1.62411524232573 26
202.497021469066 APERIODIC_JOB_ARRIVAL 0.392247837257919 59
203.377445662319 APERIODIC_JOB_ARRIVAL 0.547370519636555 46
203.724788616704 APERIODIC_JOB_ARRIVAL 1.39964166720083 58
206.578215013408 APERIODIC_JOB_ARRIVAL 0.200084236945377 14
206.687423491686 APERIODIC_JOB_ARRIVAL 0.391536618230308 85
210.322164465853 APERIODIC_JOB_ARRIVAL 0.545911258558373 96
210.657443317512 APERIODIC_JOB_ARRIVAL 0.132699499577083 11
211.535314927664 APERIODIC_JOB_ARRIVAL 0.900614597597757 25
212.428720640112 APERIODIC_JOB_ARRIVAL 2.30408270496904 73
213.483577194527 APERIODIC_JOB_ARRIVAL 0.12167148916434 61
213.553091542456 APERIODIC_JOB_ARRIVAL 2.76467763813869 36
213.672882448368 APERIODIC_JOB_ARRIVAL 1.77915188663585 6
213.848905794239 APERIODIC_JOB_ARRIVAL 0.546781666122628 40
214.031452376686 APERIODIC_JOB_ARRIVAL 1.1304568395778 68
214.045718793536 APERIODIC_JOB_ARRIVAL 0.429334789037853 76
214.749835798933 APERIODIC_JOB_ARRIVAL 0.630585357153303 95
215.290579308806 APERIODIC_JOB_ARRIVAL 0.625431362253694 29
215.388114857864 APERIODIC_JOB_ARRIVAL 0.0904779684309841 17
217.897486612095 APERIODIC_JOB_ARRIVAL 0.927287565573177 59
219.078998420705 APERIODIC_JOB_ARRIVAL 0.759029788931101 32
219.609992097404 APERIODIC_JOB_ARRIVAL 0.469474422544852 24
220.72539997287 APERIODIC_JOB_ARRIVAL 3.43788597534535 68
222.438269970784 APERIODIC_JOB_ARRIVAL 0.613099716957249 52
223.682940235572 APERIODIC_JOB_ARRIVAL 0.993607184122174 62
223.696457685326 APERIODIC_JOB_ARRIVAL 1.1365900741008 49
224.182237285924 APERIODIC_JOB_ARRIVAL 0.0566704477855422 27
224.309785407249 APERIODIC_JOB_ARRIVAL 2.25680727341261 83
225.05780000575 APERIODIC_JOB_ARRIVAL 0.172934442182252 40
226.542797489112 APERIODIC_JOB_ARRIVAL 1.21142315367928 97
226.872552820202 APERIODIC_JOB_ARRIVAL 1.62957039876711 29
227.481710911984 APERIODIC_JOB_ARRIVAL 5.57978648994784 67
227.954091806406 APERIODIC_JOB_ARRIVAL 1.2613041897331 17
230.14161808048 APERIODIC_JOB_ARRIVAL 0.00878962437032654 54
231.623694506375 APERIODIC_JOB_ARRIVAL 0.253710680099513 10
233.394818962016 APERIODIC_JOB_ARRIVAL 1.64466925698459 96
233.901262985944 APERIODIC_JOB_ARRIVAL 0.240969304988143 4
235.590189929374 APERIODIC_JOB_ARRIVAL 3.04779818117285 80
235.930803234709 APERIODIC_JOB_ARRIVAL 1.67002000284589 68
236.073946411369 APERIODIC_JOB_ARRIVAL 0.330584691875603 4
236.833615191932 APERIODIC_JOB_ARRIVAL 2.08223342777411 70
237.024102252549 APERIODIC_JOB_ARRIVAL 2.24258388098267 0
238.373775654692 APERIODIC_JOB_ARRIVAL 0.735199267480079 69
238.968643533218 APERIODIC_JOB_ARRIVAL 1.46948601852182 58
239.374963833622 APERIODIC_JOB_ARRIVAL 1.41592381547335 71
240.514035741429 APERIODIC_JOB_ARRIVAL 0.429633703016883 9
240.681635188144 APERIODIC_JOB_ARRIVAL 0.674941717866961 25
241.046077734133 APERIODIC_JOB_ARRIVAL 0.759083521543059 54
241.280739540872 APERIODIC_JOB_ARRIVAL 0.907585791154647 41
241.449401836429 APERIODIC_JOB_ARRIVAL 0.086962963937605 9
241.491341636961 APERIODIC_JOB_ARRIVAL 1.8157890923304 60
242.219158754299 APERIODIC_JOB_ARRIVAL 2.39929792757756 94
244.919252040082 APERIODIC_JOB_ARRIVAL 0.581378231180964 91
247.757763947041 APERIODIC_JOB_ARRIVAL 0.523194437523821 75
247.955931195222 APERIODIC_JOB_ARRIVAL 0.715845419968476 36
248.185286054644 APERIODIC_JOB_ARRIVAL 0.836767806031761 4
250.414413816073 APERIODIC_JOB_ARRIVAL 0.050813618209583 95
251.154656712848 APERIODIC_JOB_ARRIVAL 1.04720923774344 27
251.657569428514 APERIODIC_JOB_ARRIVAL 1.93897010177256 39
251.941683700874 APERIODIC_JOB_ARRIVAL 0.712637783247309 75
252.62105960023 APERIODIC_JOB_ARRIVAL 0.3954079757273 80
253.706561865089 APERIODIC_JOB_ARRIVAL 0.281461927420208 2
254.88551936544 APERIODIC_JOB_ARRIVAL 0.416980208004809 31
255.729048772959 APERIODIC_JOB_ARRIVAL 2.30756244399944 26
256.361898280031 APERIODIC_JOB_ARRIVAL 0.955381241817096 86
260.536881459277 APERIODIC_JOB_ARRIVAL 0.663460590672528 90
261.794547817136 APERIODIC_JOB_ARRIVAL 2.11324974937726 87
262.480696966145 APERIODIC_JOB_ARRIVAL 0.972336586251703 58
263.185172490241 APERIODIC_JOB_ARRIVAL 1.22866460546261 60
264.259290038584 APERIODIC_JOB_ARRIVAL 0.648465747150168 36
267.474215458301 APERIODIC_JOB_ARRIVAL 0.758016193409395 66
268.910130075487 APERIODIC_JOB_ARRIVAL 0.669685248345137 49
269.784273309141 APERIODIC_JOB_ARRIVAL 1.60419006287536 69
270.766054361107 APERIODIC_JOB_ARRIVAL 0.16566905145144 65
271.378979008939 APERIODIC_JOB_ARRIVAL 0.457565514830409 44
272.835548067973 APERIODIC_JOB_ARRIVAL 3.09024056854493 85
274.398103253323 APERIODIC_JOB_ARRIVAL 1.84629403202769 63
275.735398599828 APERIODIC_JOB_ARRIVAL 0.929770882693222 50
277.438834123674 APERIODIC_JOB_ARRIVAL 0.926875023878673 43
277.698649715286 APERIODIC_JOB_ARRIVAL 3.01039567384693 10
277.765777241905 APERIODIC_JOB_ARRIVAL 2.06860892012393 82
277.929547285172 APERIODIC_JOB_ARRIVAL 1.91895562227318 96
278.542999545347 APERIODIC_JOB_ARRIVAL 0.202523095468218 99
279.348110011182 APERIODIC_JOB_ARRIVAL 1.29227221941346 50
279.73953612373 APERIODIC_JOB_ARRIVAL 0.105582403810243 25
280.282230698373 APERIODIC_JOB_ARRIVAL 0.490702058011468 85
281.638032159691 APERIODIC_JOB_ARRIVAL 2.79847893643604 73
281.641082020166 APERIODIC_JOB_ARRIVAL 1.8758246174968 27
283.584457826974 APERIODIC_JOB_ARRIVAL 0.141269483412839 21
285.901965500103 APERIODIC_JOB_ARRIVAL 0.00148088017891005 81
286.345976813974 APERIODIC_JOB_ARRIVAL 1.43684386389579 21
286.461052873871 APERIODIC_JOB_ARRIVAL 1.55864359011262 90
287.260831161049 APERIODIC_JOB_ARRIVAL 0.208443675399894 83
287.770148067942 APERIODIC_JOB_ARRIVAL 0.0782303759043285 80
289.625108207671 APERIODIC_JOB_ARRIVAL 0.171578118236477 75
290.813543124595 APERIODIC_JOB_ARRIVAL 2.39462751865505 45
291.717412420256 APERIODIC_JOB_ARRIVAL 0.272164535417967 56
292.03272538752 APERIODIC_JOB_ARRIVAL 0.255799961249623 48
292.684191349143 APERIODIC_JOB_ARRIVAL 2.58581800387611 36
293.304898030976 APERIODIC_JOB_ARRIVAL 0.122385429956935 60
294.579575285494 APERIODIC_JOB_ARRIVAL 1.00234339717922 42
296.065938932009 APERIODIC_JOB_ARRIVAL 0.695168038507182 72
296.083804501117 APERIODIC_JOB_ARRIVAL 0.355961310200127 30
296.274700826146 APERIODIC_JOB_ARRIVAL 2.69298780986294 38
297.768657292281 APERIODIC_JOB_ARRIVAL 0.194937464609068 55
300.290755567995 APERIODIC_JOB_ARRIVAL 0.0422486796923943 25
301.641341505917 APERIODIC_JOB_ARRIVAL 0.896899927667985 71
301.929629927825 APERIODIC_JOB_ARRIVAL 3.19782961087727 86
302.720841539007 APERIODIC_JOB_ARRIVAL 0.31114785773685 14
304.223823059801 APERIODIC_JOB_ARRIVAL 0.733018563020516 50
304.486187288308 APERIODIC_JOB_ARRIVAL 0.394816978517736 34
306.632951577645 APERIODIC_JOB_ARRIVAL 0.889063269582564 75
306.813103851732 APERIODIC_JOB_ARRIVAL 0.239950835595336 17
309.379897046445 APERIODIC_JOB_ARRIVAL 1.46351769503899 96
315.52776099163 APERIODIC_JOB_ARRIVAL 0.122800102473147 25
316.716306393535 APERIODIC_JOB_ARRIVAL 1.69685165924363 24
316.971341646294 APERIODIC_JOB_ARRIVAL 0.505327367651908 4
317.778624683861 APERIODIC_JOB_ARRIVAL 1.36589728921723 11
318.884779155168 APERIODIC_JOB_ARRIVAL 1.3294695124014 5
319.579508357157 APERIODIC_JOB_ARRIVAL 0.0731320493545575 78
321.672418095095 APERIODIC_JOB_ARRIVAL 1.9039451690335 44
322.97564345216 APERIODIC_JOB_ARRIVAL 1.31666804528598 5
325.051456110677 APERIODIC_JOB_ARRIVAL 0.82508543194029 38
326.674135924372 APERIODIC_JOB_ARRIVAL 0.159833880329604 58
327.614728397379 APERIODIC_JOB_ARRIVAL 0.707420907086011 14
327.859931323814 APERIODIC_JOB_ARRIVAL 0.0403236188879439 50
328.129138637367 APERIODIC_JOB_ARRIVAL 1.47336625845005 47
328.607236427938 APERIODIC_JOB_ARRIVAL 0.179323096323711 31
328.93777939587 APERIODIC_JOB_ARRIVAL 1.53179822850866 79
329.784088505931 APERIODIC_JOB_ARRIVAL 1.99228604821067 56
333.551640576497 APERIODIC_JOB_ARRIVAL 0.739509420413942 76
334.468476135462 APERIODIC_JOB_ARRIVAL 0.896617916318483 19
334.558200903667 APERIODIC_JOB_ARRIVAL 0.127180404370415 0
334.804727204192 APERIODIC_JOB_ARRIVAL 0.326044445154563 63
335.78194308237 APERIODIC_JOB_ARRIVAL 0.145463431890491 77
339.65503491053 APERIODIC_JOB_ARRIVAL 0.507674020687162 22
340.756083878559 APERIODIC_JOB_ARRIVAL 0.048304355581688 2
342.070051622616 APERIODIC_JOB_ARRIVAL 1.57347330608271 1
342.146221959524 APERIODIC_JOB_ARRIVAL 0.126751608062024 43
347.355812026098 APERIODIC_JOB_ARRIVAL 2.67874864450048 1
347.928851995093 APERIODIC_JOB_ARRIVAL 0.000216996470646421 77
349.414348730553 APERIODIC_JOB_ARRIVAL 0.200898775425796 76
352.27975216299 APERIODIC_JOB_ARRIVAL 0.181693746113427 67
352.535964671222 APERIODIC_JOB_ARRIVAL 1.30290685760386 28
352.922644598456 APERIODIC_JOB_ARRIVAL 0.000147152462620231 79
354.375534201481 APERIODIC_JOB_ARRIVAL 4.34004668747711 34
355.303692611604 APERIODIC_JOB_ARRIVAL 1.92839444868707 85
356.142841123122 APERIODIC_JOB_ARRIVAL 0.0714421790865053 13
357.487644565323 APERIODIC_JOB_ARRIVAL 0.772302457030426 80
359.548662732436 APERIODIC_JOB_ARRIVAL 0.0165609171569914 7
360.571803242784 APERIODIC_JOB_ARRIVAL 0.310289227422232 53
361.29843755978 APERIODIC_JOB_ARRIVAL 0.755996312105554 60
361.881742327988 APERIODIC_JOB_ARRIVAL 0.108561870309848 65
362.814095968389 APERIODIC_JOB_ARRIVAL 0.355144425035236 10
363.80261226392 APERIODIC_JOB_ARRIVAL 1.16544556640235 60
364.29898154118 APERIODIC_JOB_ARRIVAL 0.218551892582977 1
364.40120360597 APERIODIC_JOB_ARRIVAL 0.994900429532085 18
364.534151873709 APERIODIC_JOB_ARRIVAL 0.805562355447172 24
364.735362419607 APERIODIC_JOB_ARRIVAL 0.952669205029495 19
366.331327499927 APERIODIC_JOB_ARRIVAL 1.66040984145663 52
366.402956243607 APERIODIC_JOB_ARRIVAL 0.367476260340743 44
366.570276299422 APERIODIC_JOB_ARRIVAL 0.143106690327328 86
366.620057920498 APERIODIC_JOB_ARRIVAL 0.117104210458584 83
367.747672298152 APERIODIC_JOB_ARRIVAL 0.370408020703505 0
369.06169930573 APERIODIC_JOB_ARRIVAL 1.92006229663173 73
369.664533252209 APERIODIC_JOB_ARRIVAL 0.477369172303198 71
370.9994927212 APERIODIC_JOB_ARRIVAL 0.849409960794946 52
373.679344388528 APERIODIC_JOB_ARRIVAL 0.236795882775002 39
376.234642433181 APERIODIC_JOB_ARRIVAL 0.529850914418764 45
377.692632659757 APERIODIC_JOB_ARRIVAL 0.287983480256567 34
379.075237960437 APERIODIC_JOB_ARRIVAL 0.802793318297986 60
380.914403737057 APERIODIC_JOB_ARRIVAL 1.61458111054165 38
382.276610914012 APERIODIC_JOB_ARRIVAL 0.816669035053391 42
382.794037360186 APERIODIC_JOB_ARRIVAL 3.56969940362826 59
384.606487050465 APERIODIC_JOB_ARRIVAL 0.640499526378853 33
384.956832148018 APERIODIC_JOB_ARRIVAL 0.443662648728017 71
386.790300449332 APERIODIC_JOB_ARRIVAL 0.102960815859467 48
388.256437396704 APERIODIC_JOB_ARRIVAL 0.325756095620027 63
391.637890487144 APERIODIC_JOB_ARRIVAL 0.285496891771381 89
392.015913234563 APERIODIC_JOB_ARRIVAL 0.926448162420754 75
392.893743192056 APERIODIC_JOB_ARRIVAL 0.22832866385644 15
393.759124565306 APERIODIC_JOB_ARRIVAL 0.178303849627533 54
395.14116189368 APERIODIC_JOB_ARRIVAL 0.840195924006618 2
395.510696189358 APERIODIC_JOB_ARRIVAL 1.94543681436384 58
395.765289520689 APERIODIC_JOB_ARRIVAL 0.180890238277788 6
397.787929805308 APERIODIC_JOB_ARRIVAL 1.08709685014374 87
397.81189299737 APERIODIC_JOB_ARRIVAL 0.0360542675934046 78
397.978071585066 APERIODIC_JOB_ARRIVAL 2.44881610542659 51
397.992689619611 APERIODIC_JOB_ARRIVAL 0.142046030105701 42
398.591997736157 APERIODIC_JOB_ARRIVAL 0.175458257132046 5
398.627567197375 APERIODIC_JOB_ARRIVAL 0.527387775820988 17
399.047475305989 APERIODIC_JOB_ARRIVAL 0.883514638266425 27
400.138685149829 APERIODIC_JOB_ARRIVAL 0.805372051841921 12
400.26986805808 APERIODIC_JOB_ARRIVAL 0.0963797879464462 86
400.596637206395 APERIODIC_JOB_ARRIVAL 0.457607346131999 10
400.940533607202 APERIODIC_JOB_ARRIVAL 0.194509077881066 99
401.065257036962 APERIODIC_JOB_ARRIVAL 0.691063011050729 32
401.926730489815 APERIODIC_JOB_ARRIVAL 0.162300608053872 94
402.684415389945 APERIODIC_JOB_ARRIVAL 1.35457014225341 99
402.920047658977 APERIODIC_JOB_ARRIVAL 0.628473675892823 64
403.96756000662 APERIODIC_JOB_ARRIVAL 1.58671447788897 7
405.856734713759 APERIODIC_JOB_ARRIVAL 3.52156269740694 62
407.988035881689 APERIODIC_JOB_ARRIVAL 0.180811406252995 62
407.993955291182 APERIODIC_JOB_ARRIVAL 0.323886443949109 16
409.013334735315 APERIODIC_JOB_ARRIVAL 4.50429894391898 79
412.761532752607 APERIODIC_JOB_ARRIVAL 2.51354165725944 4
414.071271655241 APERIODIC_JOB_ARRIVAL 3.2015577359191 18
414.272162311109 APERIODIC_JOB_ARRIVAL 1.18671664251936 48
414.326906170511 APERIODIC_JOB_ARRIVAL 1.99034412607208 3
415.207565125049 APERIODIC_JOB_ARRIVAL 0.801282937180048 8
416.439065330919 APERIODIC_JOB_ARRIVAL 1.34615140211114 45
418.912764350117 APERIODIC_JOB_ARRIVAL 2.45883568774546 14
420.157473971593 APERIODIC_JOB_ARRIVAL 1.00179290799078 27
420.341152206998 APERIODIC_JOB_ARRIVAL 0.0995116537307787 34
420.685736900874 APERIODIC_JOB_ARRIVAL 0.512523138317647 82
420.956060445683 APERIODIC_JOB_ARRIVAL 0.0946147419077187 6
422.53311802965 APERIODIC_JOB_ARRIVAL 0.210340675881003 63
422.563414403582 APERIODIC_JOB_ARRIVAL 1.53933675953901 1
423.415318085409 APERIODIC_JOB_ARRIVAL 0.430705022786115 42
424.297070253495 APERIODIC_JOB_ARRIVAL 0.44963311935758 98
425.662430099876 APERIODIC_JOB_ARRIVAL 0.368848166723202 94
425.825291838164 APERIODIC_JOB_ARRIVAL 0.522781909388184 5
426.007370484827 APERIODIC_JOB_ARRIVAL 0.640196083618735 17
430.022275317534 APERIODIC_JOB_ARRIVAL 0.0693171247579968 53
431.852785118357 APERIODIC_JOB_ARRIVAL 1.90466595305522 71
432.673832596727 APERIODIC_JOB_ARRIVAL 0.42539342604086 17
433.523319341305 APERIODIC_JOB_ARRIVAL 0.711338779467581 36
434.367185770813 APERIODIC_JOB_ARRIVAL 1.04524192891043 35
434.397829844129 APERIODIC_JOB_ARRIVAL 0.691509864333634 33
434.785636017303 APERIODIC_JOB_ARRIVAL 1.04525993194725 41
435.61268289037 APERIODIC_JOB_ARRIVAL 2.18728652006943 63
436.219305484915 APERIODIC_JOB_ARRIVAL 0.64559116578926 90
436.895565284895 APERIODIC_JOB_ARRIVAL 0.270816771028874 74
438.248047351734 APERIODIC_JOB_ARRIVAL 0.529607424426552 30
438.426770387251 APERIODIC_JOB_ARRIVAL 3.92826789037678 76
439.037402222901 APERIODIC_JOB_ARRIVAL 0.570746885634209 12
439.480974362011 APERIODIC_JOB_ARRIVAL 1.54251747628748 3
439.590125816618 APERIODIC_JOB_ARRIVAL 1.43062097398122 18
440.90716428564 APERIODIC_JOB_ARRIVAL 0.826401283474083 15
442.291299550097 APERIODIC_JOB_ARRIVAL 0.473537928530758 73
443.180133544253 APERIODIC_JOB_ARRIVAL 1.16652461246834 86
446.179785570407 APERIODIC_JOB_ARRIVAL 1.13726337407812 16
446.603443715761 APERIODIC_JOB_ARRIVAL 0.474924924030141 18
446.893415428961 APERIODIC_JOB_ARRIVAL 0.159830696363687 97
448.030599251202 APERIODIC_JOB_ARRIVAL 1.03187353827918 61
449.57292146264 APERIODIC_JOB_ARRIVAL 0.484178620446425 13
449.946662785019 APERIODIC_JOB_ARRIVAL 1.06128752271975 82
450.130386509349 APERIODIC_JOB_ARRIVAL 2.26425788615172 83
450.209626889009 APERIODIC_JOB_ARRIVAL 0.164723085382402 80
450.211440716803 APERIODIC_JOB_ARRIVAL 0.561563273584278 6
450.242393169149 APERIODIC_JOB_ARRIVAL 1.7834305536406 25
450.416478163279 APERIODIC_JOB_ARRIVAL 0.400315862197747 55
451.358906083567 APERIODIC_JOB_ARRIVAL 1.01373162865198 20
453.255326696072 APERIODIC_JOB_ARRIVAL 0.134445752819016 93
454.454089533227 APERIODIC_JOB_ARRIVAL 1.45703006320564 58
454.877989108572 APERIODIC_JOB_ARRIVAL 0.829054601730635 53
454.968692522277 APERIODIC_JOB_ARRIVAL 0.638536685978109 17
455.514115634827 APERIODIC_JOB_ARRIVAL 0.0266842194057126 39
456.163174456643 APERIODIC_JOB_ARRIVAL 1.65662172454842 30
457.088326132009 APERIODIC_JOB_ARRIVAL 0.381193754593068 81
457.485019373931 APERIODIC_JOB_ARRIVAL 1.81836855722222 12
458.993484798878 APERIODIC_JOB_ARRIVAL 1.38683226347616 38
460.150597217688 APERIODIC_JOB_ARRIVAL 2.28515937636552 12
460.95124985825 APERIODIC_JOB_ARRIVAL 0.864259160489312 31
461.578273674096 APERIODIC_JOB_ARRIVAL 0.366045600088004 76
462.911839817269 APERIODIC_JOB_ARRIVAL 2.2023005548124 15
463.39124106345 APERIODIC_JOB_ARRIVAL 0.159997247787246 96
463.434301585337 APERIODIC_JOB_ARRIVAL 0.364956264209051 48
463.581532482866 APERIODIC_JOB_ARRIVAL 0.77420282305402 66
463.716655031388 APERIODIC_JOB_ARRIVAL 1.29770339156292 72
464.142514700101 APERIODIC_JOB_ARRIVAL 1.11871579976519 47
464.256325088589 APERIODIC_JOB_ARRIVAL 0.358983141468357 90
464.768462800356 APERIODIC_JOB_ARRIVAL 0.483561851306261 0
467.747558327717 APERIODIC_JOB_ARRIVAL 0.380781463280098 53
471.55678971207 APERIODIC_JOB_ARRIVAL 0.363101410952279 12
474.086397349161 APERIODIC_JOB_ARRIVAL 1.21473941438573 89
475.547343278312 APERIODIC_JOB_ARRIVAL 0.0746908621782591 91
475.972853554893 APERIODIC_JOB_ARRIVAL 0.273037392237432 55
478.200242550502 APERIODIC_JOB_ARRIVAL 1.59418363737424 88
479.215179411044 APERIODIC_JOB_ARRIVAL 0.687025598861397 20
480.071338094791 APERIODIC_JOB_ARRIVAL 1.07087364403018 53
480.112279949812 APERIODIC_JOB_ARRIVAL 4.03827793500024 90
480.43541710546 APERIODIC_JOB_ARRIVAL 2.2275088435131 18
482.148745905463 APERIODIC_JOB_ARRIVAL 0.844931277017392 52
482.348378171951 APERIODIC_JOB_ARRIVAL 1.10347087516108 7
483.396652866106 APERIODIC_JOB_ARRIVAL 1.566744846931 63
487.369171764733 APERIODIC_JOB_ARRIVAL 0.967568880939166 89
488.230048636788 APERIODIC_JOB_ARRIVAL 0.296410897317634 41
488.24616940501 APERIODIC_JOB_ARRIVAL 0.0454119721898777 62
488.438969364708 APERIODIC_JOB_ARRIVAL 0.198742746094569 97
488.738014592922 APERIODIC_JOB_ARRIVAL 0.159729336520549 58
489.75339977715 APERIODIC_JOB_ARRIVAL 0.00108166280643884 8
490.32028119009 APERIODIC_JOB_ARRIVAL 0.672679207872786 85
492.582574358251 APERIODIC_JOB_ARRIVAL 0.762895422532754 51
493.856971871211 APERIODIC_JOB_ARRIVAL 0.744072171402723 89
494.034010554102 APERIODIC_JOB_ARRIVAL 4.38889357972512 48
494.834419063422 APERIODIC_JOB_ARRIVAL 1.84308105883263 3
498.860300446419 APERIODIC_JOB_ARRIVAL 2.91887999722217 82
499.967391674934 APERIODIC_JOB_ARRIVAL 1.78934084743229 86
500.424746794877 APERIODIC_JOB_ARRIVAL 3.09217699695261 94
502.659870396601 APERIODIC_JOB_ARRIVAL 0.703910188942218 74
503.003738922191 APERIODIC_JOB_ARRIVAL 0.0885692122621411 82
503.401431644477 APERIODIC_JOB_ARRIVAL 0.70110709477084 31
505.192247788262 APERIODIC_JOB_ARRIVAL 0.401987362387713 63
505.978290592676 APERIODIC_JOB_ARRIVAL 0.324273819188405 26
506.01650299403 APERIODIC_JOB_ARRIVAL 0.52490248152706 5
507.363797997379 APERIODIC_JOB_ARRIVAL 0.20152226883061 78
508.978732739124 APERIODIC_JOB_ARRIVAL 0.489782028924651 15
510.908561585766 APERIODIC_JOB_ARRIVAL 0.0835417665912268 37
511.401313491055 APERIODIC_JOB_ARRIVAL 1.47241756449816 65
511.618495284515 APERIODIC_JOB_ARRIVAL 2.08102208170484 42
513.041998139839 APERIODIC_JOB_ARRIVAL 0.223552964569656 47
513.443041239184 APERIODIC_JOB_ARRIVAL 0.957822140821703 50
514.04970024119 APERIODIC_JOB_ARRIVAL 1.33886089136233 42
517.151803540768 APERIODIC_JOB_ARRIVAL 0.0815098939410497 39
517.424966380886 APERIODIC_JOB_ARRIVAL 0.000292682454141548 58
517.826919599677 APERIODIC_JOB_ARRIVAL 1.7469462084462 15
518.940151470707 APERIODIC_JOB_ARRIVAL 0.290518609599588 29
520.672964128933 APERIODIC_JOB_ARRIVAL 0.340914403637277 38
523.332171212515 APERIODIC_JOB_ARRIVAL 0.427729512034475 28
524.043615841146 APERIODIC_JOB_ARRIVAL 0.370981226161559 69
524.27420880932 APERIODIC_JOB_ARRIVAL 0.62717652788894 56
525.545235775405 APERIODIC_JOB_ARRIVAL 0.230528637189171 94
525.559932799195 APERIODIC_JOB_ARRIVAL 1.42658496670463 69
526.429395867911 APERIODIC_JOB_ARRIVAL 1.21122606982713 90
527.664645707392 APERIODIC_JOB_ARRIVAL 1.55377400860004 37
529.705762600039 APERIODIC_JOB_ARRIVAL 0.452214678396524 84
529.721579493976 APERIODIC_JOB_ARRIVAL 0.0980392609759659 8
529.748083952356 APERIODIC_JOB_ARRIVAL 0.388999951452171 42
530.579292004623 APERIODIC_JOB_ARRIVAL 1.58002559928313 65
531.331769317584 APERIODIC_JOB_ARRIVAL 2.17133235987863 5
531.881942245728 APERIODIC_JOB_ARRIVAL 0.568764144233906 0
532.958604066986 APERIODIC_JOB_ARRIVAL 0.50138424910717 29
534.072079980692 APERIODIC_JOB_ARRIVAL 0.436503874834827 18
534.406368491281 APERIODIC_JOB_ARRIVAL 0.919349332243112 53
537.253547235762 APERIODIC_JOB_ARRIVAL 1.22303584545925 77
538.46659305528 APERIODIC_JOB_ARRIVAL 0.146178115057402 70
540.117317924483 APERIODIC_JOB_ARRIVAL 0.743434152276519 21
547.004924951757 APERIODIC_JOB_ARRIVAL 0.300972296286215 52
547.468731472475 APERIODIC_JOB_ARRIVAL 0.166410900185553 50
547.500891153231 APERIODIC_JOB_ARRIVAL 0.504309014142893 20
548.68258565436 APERIODIC_JOB_ARRIVAL 0.567538707104203 50
548.978470165542 APERIODIC_JOB_ARRIVAL 0.450486341975148 34
551.115868214988 APERIODIC_JOB_ARRIVAL 1.05187257106061 59
552.118720977651 APERIODIC_JOB_ARRIVAL 0.524710540293339 69
552.186639996826 APERIODIC_JOB_ARRIVAL 0.52173441597702 41
554.16126719477 APERIODIC_JOB_ARRIVAL 0.779879268446423 77
555.88649072077 APERIODIC_JOB_ARRIVAL 0.308751162440789 21
555.934658133925 APERIODIC_JOB_ARRIVAL 3.14542765884367 29
556.382586192436 APERIODIC_JOB_ARRIVAL 1.00786157292773 48
557.018921928594 APERIODIC_JOB_ARRIVAL 0.169009135360351 0
557.138599013409 APERIODIC_JOB_ARRIVAL 0.938577040140119 37
558.105507725726 APERIODIC_JOB_ARRIVAL 0.224488097201202 4
561.034353693303 APERIODIC_JOB_ARRIVAL 0.184889784018916 39
562.536427945241 APERIODIC_JOB_ARRIVAL 0.753130773145885 73
564.520659335075 APERIODIC_JOB_ARRIVAL 2.42767722966022 88
566.197906073546 APERIODIC_JOB_ARRIVAL 2.40454814317437 45
566.601817299201 APERIODIC_JOB_ARRIVAL 0.0940038866044548 25
568.787376540153 APERIODIC_JOB_ARRIVAL 0.58904095685736 35
571.530514738295 APERIODIC_JOB_ARRIVAL 2.43132481511452 53
572.353948748861 APERIODIC_JOB_ARRIVAL 0.09700214657504 43
572.766968984294 APERIODIC_JOB_ARRIVAL 0.626958991412351 70
573.637826600432 APERIODIC_JOB_ARRIVAL 0.219870278223486 62
577.008711901912 APERIODIC_JOB_ARRIVAL 0.935495213934525 57
578.459801784423 APERIODIC_JOB_ARRIVAL 1.35735007020164 92
580.33238125768 APERIODIC_JOB_ARRIVAL 0.899755405689038 34
580.364499601309 APERIODIC_JOB_ARRIVAL 0.0094853330969472 73
581.306900643786 APERIODIC_JOB_ARRIVAL 0.261486186621613 79
581.92897867284 APERIODIC_JOB_ARRIVAL 1.29704709604829 31
582.642757439909 APERIODIC_JOB_ARRIVAL 1.81520558007923 74
583.002718717104 APERIODIC_JOB_ARRIVAL 0.345830426566059 10
584.473649346343 APERIODIC_JOB_ARRIVAL 1.48120391363092 30
588.182779326643 APERIODIC_JOB_ARRIVAL 0.154559830287105 26
589.206636983226 APERIODIC_JOB_ARRIVAL 2.25620379953596 10
589.950291353925 APERIODIC_JOB_ARRIVAL 1.48154962416542 6
589.951796117624 APERIODIC_JOB_ARRIVAL 0.18980599240247 0
590.62616450992 APERIODIC_JOB_ARRIVAL 0.046003344306983 8
591.150409980269 APERIODIC_JOB_ARRIVAL 1.46889295006464 79
591.226732965705 APERIODIC_JOB_ARRIVAL 0.73064389333967 55
591.836229491123 APERIODIC_JOB_ARRIVAL 1.09923423544668 39
596.081048999021 APERIODIC_JOB_ARRIVAL 0.795696954194532 37
596.847634290676 APERIODIC_JOB_ARRIVAL 0.681985606811846 65
597.259001363581 APERIODIC_JOB_ARRIVAL 1.46859323458117 60
597.748675330678 APERIODIC_JOB_ARRIVAL 0.406700311576754 52
598.004154147468 APERIODIC_JOB_ARRIVAL 0.0516583298043837 23
599.511170986334 APERIODIC_JOB_ARRIVAL 0.0176910096563881 11
601.048895135103 APERIODIC_JOB_ARRIVAL 0.288592823860326 57
601.818461557956 APERIODIC_JOB_ARRIVAL 0.191627275605918 96
603.10005779518 APERIODIC_JOB_ARRIVAL 0.519857126409023 33
604.280953965686 APERIODIC_JOB_ARRIVAL 0.859125413937889 15
609.1585218384 APERIODIC_JOB_ARRIVAL 1.62711760387071 52
610.147198026509 APERIODIC_JOB_ARRIVAL 2.84424188372727 11
610.202310830346 APERIODIC_JOB_ARRIVAL 0.243411109008445 5
610.912895101053 APERIODIC_JOB_ARRIVAL 0.736603175562897 8
611.000635110875 APERIODIC_JOB_ARRIVAL 2.76974366245758 92
612.02601080701 APERIODIC_JOB_ARRIVAL 0.575411267057276 69
613.505729055218 APERIODIC_JOB_ARRIVAL 0.133906261413891 81
613.893679637031 APERIODIC_JOB_ARRIVAL 0.0333487979446751 32
615.099095134476 APERIODIC_JOB_ARRIVAL 5.33609786006186 61
616.139413141286 APERIODIC_JOB_ARRIVAL 0.104882426130244 37
616.560430017425 APERIODIC_JOB_ARRIVAL 0.408745927457491 96
616.943181249431 APERIODIC_JOB_ARRIVAL 2.04082484500372 41
617.02296376417 APERIODIC_JOB_ARRIVAL 0.112450549547171 52
617.98230293494 APERIODIC_JOB_ARRIVAL 0.438454871520061 89
618.053556836978 APERIODIC_JOB_ARRIVAL 0.273930929258069 12
618.450646228678 APERIODIC_JOB_ARRIVAL 1.52589706488165 50
618.621332695828 APERIODIC_JOB_ARRIVAL 3.43010695249973 96
621.117312990307 APERIODIC_JOB_ARRIVAL 0.398853668651783 88
622.941895200561 APERIODIC_JOB_ARRIVAL 1.91970477122271 70
624.10970043496 APERIODIC_JOB_ARRIVAL 0.812087557386282 98
625.952293267424 APERIODIC_JOB_ARRIVAL 0.177027128788163 21
625.969998101725 APERIODIC_JOB_ARRIVAL 0.269709635808509 54
627.488801910948 APERIODIC_JOB_ARRIVAL 3.35072504093355 36
627.692113826742 APERIODIC_JOB_ARRIVAL 0.419954284985245 81
628.351348958515 APERIODIC_JOB_ARRIVAL 1.19867989240994 35
628.885864584712 APERIODIC_JOB_ARRIVAL 0.106964276020535 92
629.445557848854 APERIODIC_JOB_ARRIVAL 2.90912587795992 75
630.564282435178 APERIODIC_JOB_ARRIVAL 2.60665426946261 69
631.493736617705 APERIODIC_JOB_ARRIVAL 0.577891074226942 36
633.154264580772 APERIODIC_JOB_ARRIVAL 0.178069452191274 74
636.114233193587 APERIODIC_JOB_ARRIVAL 3.77817446980654 14
636.135465182609 APERIODIC_JOB_ARRIVAL 1.69693050326479 4
636.907291198355 APERIODIC_JOB_ARRIVAL 0.912627397342246 64
637.148269256305 APERIODIC_JOB_ARRIVAL 1.85018904391946 23
637.395838996138 APERIODIC_JOB_ARRIVAL 0.371489597039764 89
640.646019791717 APERIODIC_JOB_ARRIVAL 1.22148447005816 45
640.854439854026 APERIODIC_JOB_ARRIVAL 0.579626570584949 59
642.869120464549 APERIODIC_JOB_ARRIVAL 0.285161275095211 68
643.03369456995 APERIODIC_JOB_ARRIVAL 2.61105481248093 80
644.26192264991 APERIODIC_JOB_ARRIVAL 0.725373579947217 38
645.149228506208 APERIODIC_JOB_ARRIVAL 2.35247928454963 46
646.399223828358 APERIODIC_JOB_ARRIVAL 0.945056667063037 19
647.24053143045 APERIODIC_JOB_ARRIVAL 1.13862149785267 61
647.669987676157 APERIODIC_JOB_ARRIVAL 0.0878367224468376 20
647.749067124541 APERIODIC_JOB_ARRIVAL 2.35031053376662 12
648.599550402263 APERIODIC_JOB_ARRIVAL 0.345757416786157 23
648.913312901845 APERIODIC_JOB_ARRIVAL 0.00283284761939224 24
649.469647920653 APERIODIC_JOB_ARRIVAL 0.322997609437078 22
649.529051591902 APERIODIC_JOB_ARRIVAL 0.154214604789382 95
649.684969135021 APERIODIC_JOB_ARRIVAL 1.52254853281119 49
650.392669435777 APERIODIC_JOB_ARRIVAL 0.333100853816822 85
651.07276028764 APERIODIC_JOB_ARRIVAL 2.1152329986219 59
651.323336772717 APERIODIC_JOB_ARRIVAL 0.471824578352674 62
652.291360641183 APERIODIC_JOB_ARRIVAL 1.56154644744976 69
652.399411520308 APERIODIC_JOB_ARRIVAL 2.17829692088158 61
652.41766104787 APERIODIC_JOB_ARRIVAL 0.159249815753192 51
654.272485497381 APERIODIC_JOB_ARRIVAL 2.60737861843924 39
656.171838826338 APERIODIC_JOB_ARRIVAL 0.356972762375924 7
657.402833176336 APERIODIC_JOB_ARRIVAL 1.50229266544471 38
658.286783944386 APERIODIC_JOB_ARRIVAL 0.575813669522713 69
658.853483468183 APERIODIC_JOB_ARRIVAL 0.741064020149178 48
660.526405213402 APERIODIC_JOB_ARRIVAL 0.3721351840372 29
661.074008317996 APERIODIC_JOB_ARRIVAL 2.00059564839102 56
661.162889365817 APERIODIC_JOB_ARRIVAL 2.16847255039276 37
661.721462690221 APERIODIC_JOB_ARRIVAL 0.166618862842788 98
662.446481390054 APERIODIC_JOB_ARRIVAL 0.0605072675250755 93
665.106130620699 APERIODIC_JOB_ARRIVAL 2.0354184091252 60
665.527826519917 APERIODIC_JOB_ARRIVAL 0.323008699492435 85
668.542711028652 APERIODIC_JOB_ARRIVAL 3.73454328844109 83
669.150477735828 APERIODIC_JOB_ARRIVAL 0.991027540126396 41
670.430215131518 APERIODIC_JOB_ARRIVAL 0.19164705996661 86
671.454640949508 APERIODIC_JOB_ARRIVAL 0.199795108556021 13
672.901947785128 APERIODIC_JOB_ARRIVAL 0.617121156291325 3
673.25701871473 APERIODIC_JOB_ARRIVAL 1.17775476233511 9
674.165727956401 APERIODIC_JOB_ARRIVAL 6.47384427759327 74
674.73349754623 APERIODIC_JOB_ARRIVAL 0.0683519115672761 64
675.600300322973 APERIODIC_JOB_ARRIVAL 0.692147341504671 91
676.676917959543 APERIODIC_JOB_ARRIVAL 0.280038851974235 77
677.988131032291 APERIODIC_JOB_ARRIVAL 0.00546610733577299 46
679.594055396333 APERIODIC_JOB_ARRIVAL 0.241709290008032 87
680.709001030051 APERIODIC_JOB_ARRIVAL 1.64833095910865 37
681.551023162221 APERIODIC_JOB_ARRIVAL 0.669408454518401 84
684.248010068189 APERIODIC_JOB_ARRIVAL 3.93920846373161 66
684.522685379485 APERIODIC_JOB_ARRIVAL 0.472958085421889 36
685.142555760073 APERIODIC_JOB_ARRIVAL 0.715572918615084 44
686.114695498191 APERIODIC_JOB_ARRIVAL 2.66106630693708 95
686.73444373127 APERIODIC_JOB_ARRIVAL 0.206241061876809 38
688.207389692288 APERIODIC_JOB_ARRIVAL 0.590569050846044 2
688.444982344532 APERIODIC_JOB_ARRIVAL 0.127413012311681 80
689.634566894682 APERIODIC_JOB_ARRIVAL 0.78258978119489 97
691.349884447081 APERIODIC_JOB_ARRIVAL 4.53758557745589 72
692.271968648911 APERIODIC_JOB_ARRIVAL 1.59852302647582 76
692.730926978245 APERIODIC_JOB_ARRIVAL 0.184426308832379 21
694.01181230553 APERIODIC_JOB_ARRIVAL 1.09798669640938 97
694.459623954492 APERIODIC_JOB_ARRIVAL 0.0457452288930646 2
694.658283307441 APERIODIC_JOB_ARRIVAL 0.973303771649647 88
694.993180773675 APERIODIC_JOB_ARRIVAL 0.676162182675055 72
695.085333663544 APERIODIC_JOB_ARRIVAL 1.67925494350977 67
695.446221109112 APERIODIC_JOB_ARRIVAL 0.612231633484978 45
697.731070713913 APERIODIC_JOB_ARRIVAL 0.0690889387045007 76
697.831906201373 APERIODIC_JOB_ARRIVAL 2.89001346789792 93
703.661328168661 APERIODIC_JOB_ARRIVAL 0.291477529203371 89
705.42414444489 APERIODIC_JOB_ARRIVAL 1.59477059702778 74
706.047132370192 APERIODIC_JOB_ARRIVAL 0.0984496039643128 89
706.603219526402 APERIODIC_JOB_ARRIVAL 2.21182816859213 52
707.179734559379 APERIODIC_JOB_ARRIVAL 2.01696876717872 38
707.683366904902 APERIODIC_JOB_ARRIVAL 0.499074914021653 5
708.678852788407 APERIODIC_JOB_ARRIVAL 0.945404648797991 41
709.095530255781 APERIODIC_JOB_ARRIVAL 0.134682096661136 15
709.484132699918 APERIODIC_JOB_ARRIVAL 1.31671577287654 59
709.672230011327 APERIODIC_JOB_ARRIVAL 0.100575288925339 72
711.626864612558 APERIODIC_JOB_ARRIVAL 0.19357277144468 4
712.377059304428 APERIODIC_JOB_ARRIVAL 0.371324173112759 11
714.355022114745 APERIODIC_JOB_ARRIVAL 1.94355978598453 63
715.328666274711 APERIODIC_JOB_ARRIVAL 2.19867340083057 80
715.819452310083 APERIODIC_JOB_ARRIVAL 0.34495834932616 31
715.968997582916 APERIODIC_JOB_ARRIVAL 0.705943048303021 78
716.439600340326 APERIODIC_JOB_ARRIVAL 0.501596902325515 16
717.918087754068 APERIODIC_JOB_ARRIVAL 3.88337569174479 61
718.201134810503 APERIODIC_JOB_ARRIVAL 0.552704738774408 81
721.517045068952 APERIODIC_JOB_ARRIVAL 1.19793613766939 75
722.009684616036 APERIODIC_JOB_ARRIVAL 0.867093057068741 63
722.608400349539 APERIODIC_JOB_ARRIVAL 2.05333240492842 4
724.3457375908 APERIODIC_JOB_ARRIVAL 1.77674766671793 33
725.698493854993 APERIODIC_JOB_ARRIVAL 3.64538009468681 50
725.929983215749 APERIODIC_JOB_ARRIVAL 0.479345398137678 65
725.946327602206 APERIODIC_JOB_ARRIVAL 0.907807277727677 49
727.94954128114 APERIODIC_JOB_ARRIVAL 0.771894887121413 57
728.402349242344 APERIODIC_JOB_ARRIVAL 0.0711836930993596 27
728.407255371386 APERIODIC_JOB_ARRIVAL 0.484947411504563 40
729.182306882083 APERIODIC_JOB_ARRIVAL 1.23023603197131 26
729.221990871072 APERIODIC_JOB_ARRIVAL 0.350277017387919 37
729.963470875746 APERIODIC_JOB_ARRIVAL 0.350368326962312 4
734.111660507777 APERIODIC_JOB_ARRIVAL 0.149034007945633 5
734.436782501526 APERIODIC_JOB_ARRIVAL 2.33351233316305 87
735.468275799193 APERIODIC_JOB_ARRIVAL 0.339971643928725 22
735.469364315041 APERIODIC_JOB_ARRIVAL 1.40521526499711 94
735.674681314377 APERIODIC_JOB_ARRIVAL 0.303533014575396 45
736.307211930575 APERIODIC_JOB_ARRIVAL 0.885288607866555 39
737.000781508037 APERIODIC_JOB_ARRIVAL 0.84011485595076 22
737.335168907805 APERIODIC_JOB_ARRIVAL 2.46491779367964 20
737.618601485498 APERIODIC_JOB_ARRIVAL 0.868421170465225 74
743.454445571314 APERIODIC_JOB_ARRIVAL 2.50337444216086 5
744.595012966917 APERIODIC_JOB_ARRIVAL 0.206599119522148 46
745.343129757447 APERIODIC_JOB_ARRIVAL 0.106669573716578 92
746.345780255626 APERIODIC_JOB_ARRIVAL 0.791287383078931 35
746.805620354485 APERIODIC_JOB_ARRIVAL 0.245004758807926 51
747.301639776077 APERIODIC_JOB_ARRIVAL 0.0884414170223068 17
747.344945192314 APERIODIC_JOB_ARRIVAL 0.0204738374807052 10
748.664817106063 APERIODIC_JOB_ARRIVAL 0.875778137193492 86
749.723868772603 APERIODIC_JOB_ARRIVAL 1.19274162398529 3
749.853107678001 APERIODIC_JOB_ARRIVAL 0.538047275879813 25
750.633801335262 APERIODIC_JOB_ARRIVAL 1.07189474016061 97
751.699127165891 APERIODIC_JOB_ARRIVAL 0.145329140399147 77
752.654168110677 APERIODIC_JOB_ARRIVAL 0.170014207390991 36
752.675333066709 APERIODIC_JOB_ARRIVAL 0.99120067983207 66
752.879961856168 APERIODIC_JOB_ARRIVAL 0.0550879420717908 90
753.825648480327 APERIODIC_JOB_ARRIVAL 2.78330770863719 24
754.005481779588 APERIODIC_JOB_ARRIVAL 0.779933099967882 61
754.602414062968 APERIODIC_JOB_ARRIVAL 0.403933189470918 0
754.857159222873 APERIODIC_JOB_ARRIVAL 0.918926198337136 68
755.355360951506 APERIODIC_JOB_ARRIVAL 0.833387520881815 80
756.075703203062 APERIODIC_JOB_ARRIVAL 3.57361346921957 51
757.236064375487 APERIODIC_JOB_ARRIVAL 0.346241851981027 11
758.085476769488 APERIODIC_JOB_ARRIVAL 0.399425490023089 21
759.259434351344 APERIODIC_JOB_ARRIVAL 3.5451728156834 82
759.278108336093 APERIODIC_JOB_ARRIVAL 0.743401019275224 54
762.302486819176 APERIODIC_JOB_ARRIVAL 0.389035297845069 75
762.304126696978 APERIODIC_JOB_ARRIVAL 1.33439811854867 63
764.113329636554 APERIODIC_JOB_ARRIVAL 0.341225326797117 60
765.113995845716 APERIODIC_JOB_ARRIVAL 1.30817666579891 1
765.241259968801 APERIODIC_JOB_ARRIVAL 0.220353405549264 91
768.348567474413 APERIODIC_JOB_ARRIVAL 0.615504337308709 61
770.937939529362 APERIODIC_JOB_ARRIVAL 0.00615032423425386 90
771.122055966648 APERIODIC_JOB_ARRIVAL 0.299382506395425 80
773.143207995127 APERIODIC_JOB_ARRIVAL 0.253572344791963 38
777.538760917496 APERIODIC_JOB_ARRIVAL 1.67280929315715 12
777.962656987377 APERIODIC_JOB_ARRIVAL 0.20619320784011 76
778.201546147249 APERIODIC_JOB_ARRIVAL 1.60168730140287 85
778.723052065444 APERIODIC_JOB_ARRIVAL 2.09654944940206 8
780.393590164054 APERIODIC_JOB_ARRIVAL 0.0903254586852039 32
780.746450243676 APERIODIC_JOB_ARRIVAL 0.675970649742201 47
781.42304387789 APERIODIC_JOB_ARRIVAL 0.0495440825231837 36
782.100107019052 APERIODIC_JOB_ARRIVAL 0.560651727125711 52
783.245742735328 APERIODIC_JOB_ARRIVAL 3.12834317315272 38
783.354011551913 APERIODIC_JOB_ARRIVAL 0.434557620641283 80
785.025934742199 APERIODIC_JOB_ARRIVAL 1.14218168969338 74
785.046442805712 APERIODIC_JOB_ARRIVAL 0.011748241516114 2
785.656261521273 APERIODIC_JOB_ARRIVAL 0.230289104456272 78
787.983295445984 APERIODIC_JOB_ARRIVAL 0.183577621343229 40
788.422661803009 APERIODIC_JOB_ARRIVAL 1.38306927692595 4
788.685736041956 APERIODIC_JOB_ARRIVAL 0.350229293354878 76
788.840829192587 APERIODIC_JOB_ARRIVAL 0.563305095876676 46
790.08975898174 APERIODIC_JOB_ARRIVAL 0.358318193463446 82
790.207791396684 APERIODIC_JOB_ARRIVAL 1.04067514925502 74
790.635697479516 APERIODIC_JOB_ARRIVAL 1.02977123764491 51
790.665196845054 APERIODIC_JOB_ARRIVAL 0.443171501069939 61
792.275744668024 APERIODIC_JOB_ARRIVAL 0.0195055389770932 45
793.134236883395 APERIODIC_JOB_ARRIVAL 0.624692599135067 32
793.621042960897 APERIODIC_JOB_ARRIVAL 0.635936323278767 30
794.619551439221 APERIODIC_JOB_ARRIVAL 2.56353790630911 9
796.894814391421 APERIODIC_JOB_ARRIVAL 0.0611498743448337 13
797.674415586903 APERIODIC_JOB_ARRIVAL 0.494686520340446 93
799.582107112856 APERIODIC_JOB_ARRIVAL 0.660038718288018 81
800.846413213502 APERIODIC_JOB_ARRIVAL 1.80456437190239 43
804.304733330884 APERIODIC_JOB_ARRIVAL 0.448829522356737 24
806.028255499504 APERIODIC_JOB_ARRIVAL 0.15401773073391 10
806.20286885716 APERIODIC_JOB_ARRIVAL 0.583224762403067 22
806.778223622158 APERIODIC_JOB_ARRIVAL 0.282067924579751 39
810.312883001995 APERIODIC_JOB_ARRIVAL 0.74711018459486 47
810.484177551888 APERIODIC_JOB_ARRIVAL 0.798037607038306 24
811.864473200416 APERIODIC_JOB_ARRIVAL 1.60568614505044 44
812.252972508638 APERIODIC_JOB_ARRIVAL 2.07350876038759 29
812.809007749257 APERIODIC_JOB_ARRIVAL 0.81433147695237 71
813.092337892541 APERIODIC_JOB_ARRIVAL 0.2108281434687 90
813.286403128311 APERIODIC_JOB_ARRIVAL 0.376765205543577 90
813.786279018584 APERIODIC_JOB_ARRIVAL 1.4129322814081 7
814.625288971571 APERIODIC_JOB_ARRIVAL 0.345976019500171 3
817.179750457222 APERIODIC_JOB_ARRIVAL 0.529632824921342 87
819.083830674252 APERIODIC_JOB_ARRIVAL 0.566069361736655 19
819.096448788443 APERIODIC_JOB_ARRIVAL 3.4753986602187 78
819.533994198729 APERIODIC_JOB_ARRIVAL 0.0724807416899018 60
821.897336702526 APERIODIC_JOB_ARRIVAL 0.0879333506731541 7
822.559061490859 APERIODIC_JOB_ARRIVAL 0.581623392465482 30
822.891860206178 APERIODIC_JOB_ARRIVAL 2.25892569481094 51
824.505303248624 APERIODIC_JOB_ARRIVAL 1.61441636060651 49
824.890821436025 APERIODIC_JOB_ARRIVAL 1.02903754820686 16
827.83783216863 APERIODIC_JOB_ARRIVAL 0.546422594363795 20
830.045293369619 APERIODIC_JOB_ARRIVAL 0.191325493432272 14
831.571553574983 APERIODIC_JOB_ARRIVAL 1.47841437759124 7
831.838008863094 APERIODIC_JOB_ARRIVAL 0.779261664243895 71
833.70690633349 APERIODIC_JOB_ARRIVAL 2.11330977327553 17
833.85643114211 APERIODIC_JOB_ARRIVAL 2.63048791842884 3
835.516776753235 APERIODIC_JOB_ARRIVAL 0.55508814289327 73
838.895926330749 APERIODIC_JOB_ARRIVAL 0.209023722205926 71
840.894672777811 APERIODIC_JOB_ARRIVAL 0.373267679651677 34
842.10328363784 APERIODIC_JOB_ARRIVAL 0.500798155964085 83
842.296895050627 APERIODIC_JOB_ARRIVAL 0.137886679445311 56
843.319356890641 APERIODIC_JOB_ARRIVAL 0.964077659589622 59
844.92592269385 APERIODIC_JOB_ARRIVAL 0.24640549972013 43
845.092752921852 APERIODIC_JOB_ARRIVAL 1.24182384850918 93
845.603768736616 APERIODIC_JOB_ARRIVAL 1.56124980825432 90
846.60694811803 APERIODIC_JOB_ARRIVAL 0.612350788354597 16
846.708096675468 APERIODIC_JOB_ARRIVAL 1.6862718302883 18
848.412538198363 APERIODIC_JOB_ARRIVAL 2.04609202770897 37
852.642958390583 APERIODIC_JOB_ARRIVAL 0.317629886036871 32
852.65170120892 APERIODIC_JOB_ARRIVAL 0.464521463434718 34
854.093029619191 APERIODIC_JOB_ARRIVAL 1.05208175841446 13
855.260281551815 APERIODIC_JOB_ARRIVAL 1.07610685034004 42
855.501597259634 APERIODIC_JOB_ARRIVAL 1.37929929340784 13
857.476784314804 APERIODIC_JOB_ARRIVAL 1.28287667882941 88
858.491357483305 APERIODIC_JOB_ARRIVAL 0.324720566439404 21
858.894262419086 APERIODIC_JOB_ARRIVAL 0.243080494195988 54
863.858658736093 APERIODIC_JOB_ARRIVAL 0.240882050823151 31
864.89390322808 APERIODIC_JOB_ARRIVAL 0.00292119793157592 46
865.109633982366 APERIODIC_JOB_ARRIVAL 0.490808397093842 89
866.047208361451 APERIODIC_JOB_ARRIVAL 2.52273665437169 42
867.07900217434 APERIODIC_JOB_ARRIVAL 0.972690973687268 91
867.14678316126 APERIODIC_JOB_ARRIVAL 0.0639896602623651 54
867.669757986422 APERIODIC_JOB_ARRIVAL 2.70833253471655 23
869.721255862358 APERIODIC_JOB_ARRIVAL 0.169203235040213 14
869.745129235545 APERIODIC_JOB_ARRIVAL 0.784146417093139 51
873.121069265962 APERIODIC_JOB_ARRIVAL 1.85800460166963 6
873.940573450925 APERIODIC_JOB_ARRIVAL 0.320259896625834 76
876.474958817018 APERIODIC_JOB_ARRIVAL 2.01488862173348 65
877.021857968969 APERIODIC_JOB_ARRIVAL 0.17373015430194 0
878.722459808585 APERIODIC_JOB_ARRIVAL 0.13544328932146 35
879.232694397924 APERIODIC_JOB_ARRIVAL 0.0562676904187028 90
879.92979314503 APERIODIC_JOB_ARRIVAL 0.631836594435131 92
880.356982074641 APERIODIC_JOB_ARRIVAL 2.13693720513279 65
883.992226703719 APERIODIC_JOB_ARRIVAL 0.722901402876427 43
885.010521126739 APERIODIC_JOB_ARRIVAL 1.41671048530463 69
885.619360456972 APERIODIC_JOB_ARRIVAL 0.822316656972796 81
886.542413151179 APERIODIC_JOB_ARRIVAL 0.36854323169281 42
887.781114181136 APERIODIC_JOB_ARRIVAL 0.512336121032505 22
888.376132547818 APERIODIC_JOB_ARRIVAL 0.621306080147348 10
889.998890703696 APERIODIC_JOB_ARRIVAL 2.22744892188285 39
891.892336477228 APERIODIC_JOB_ARRIVAL 0.539061902214491 96
892.258102762762 APERIODIC_JOB_ARRIVAL 1.48839580339458 75
892.789208514124 APERIODIC_JOB_ARRIVAL 0.718782610544981 18
892.85467481693 APERIODIC_JOB_ARRIVAL 0.294181573516274 62
893.329966472422 APERIODIC_JOB_ARRIVAL 0.22271209526898 88
897.274639747832 APERIODIC_JOB_ARRIVAL 1.56871181468699 44
897.552577110187 APERIODIC_JOB_ARRIVAL 0.142301017189075 36
901.951059026019 APERIODIC_JOB_ARRIVAL 1.5460251006624 66
903.486206672378 APERIODIC_JOB_ARRIVAL 0.138053400161445 54
904.012625647787 APERIODIC_JOB_ARRIVAL 0.135274397498372 53
904.806454347728 APERIODIC_JOB_ARRIVAL 2.68677221352485 94
905.615304793525 APERIODIC_JOB_ARRIVAL 0.248307057648431 91
908.131576166816 APERIODIC_JOB_ARRIVAL 0.421164580756007 57
909.756629619906 APERIODIC_JOB_ARRIVAL 2.16757434206974 39
913.633826268847 APERIODIC_JOB_ARRIVAL 0.358045016644042 58
914.743804115458 APERIODIC_JOB_ARRIVAL 0.297757540606418 43
915.952734996317 APERIODIC_JOB_ARRIVAL 0.625967365310507 34
916.080160677256 APERIODIC_JOB_ARRIVAL 0.817343669507301 73
916.374659088934 APERIODIC_JOB_ARRIVAL 0.901846182407121 35
916.849024897849 APERIODIC_JOB_ARRIVAL 4.18795161225946 23
917.079117015155 APERIODIC_JOB_ARRIVAL 0.32499393257965 37
919.673408268237 APERIODIC_JOB_ARRIVAL 1.33596052774868 49
921.235589590461 APERIODIC_JOB_ARRIVAL 0.144911491550711 95
922.223637237898 APERIODIC_JOB_ARRIVAL 1.16210871012786 82
924.12626823182 APERIODIC_JOB_ARRIVAL 1.27590113931459 92
925.354605520129 APERIODIC_JOB_ARRIVAL 0.883703078036854 47
925.361694826013 APERIODIC_JOB_ARRIVAL 1.4800859094714 23
926.743464171387 APERIODIC_JOB_ARRIVAL 0.167544036794568 60
927.510007926724 APERIODIC_JOB_ARRIVAL 0.254488315566696 78
927.574626151751 APERIODIC_JOB_ARRIVAL 1.27586334028598 39
929.349044987843 APERIODIC_JOB_ARRIVAL 0.443989425291247 59
930.457970119357 APERIODIC_JOB_ARRIVAL 2.71423193550558 74
930.628826150628 APERIODIC_JOB_ARRIVAL 0.300581054699091 45
930.808525636952 APERIODIC_JOB_ARRIVAL 0.38317254367721 88
931.32251303382 APERIODIC_JOB_ARRIVAL 1.6391378952845 18
932.61171785386 APERIODIC_JOB_ARRIVAL 1.09532579100205 24
932.792079092759 APERIODIC_JOB_ARRIVAL 0.22336597164301 12
933.039544488574 APERIODIC_JOB_ARRIVAL 0.726712988197474 4
934.12501008769 APERIODIC_JOB_ARRIVAL 0.41750723267378 38
934.765952158673 APERIODIC_JOB_ARRIVAL 1.0523832248479 90
935.625037908791 APERIODIC_JOB_ARRIVAL 0.173621649678757 57
935.965687730611 APERIODIC_JOB_ARRIVAL 0.569668092299192 57
936.151529336292 APERIODIC_JOB_ARRIVAL 0.489852143416141 45
936.737305971789 APERIODIC_JOB_ARRIVAL 0.276957833570856 60
937.063701075425 APERIODIC_JOB_ARRIVAL 0.032994489736061 86
938.993219065359 APERIODIC_JOB_ARRIVAL 0.99068798275413 26
939.387866982768 APERIODIC_JOB_ARRIVAL 2.41976952237297 2
943.098144802563 APERIODIC_JOB_ARRIVAL 1.06768719505801 59
943.635522545481 APERIODIC_JOB_ARRIVAL 0.766239954665893 19
945.52787925429 APERIODIC_JOB_ARRIVAL 1.28698765663429 54
945.620198561756 APERIODIC_JOB_ARRIVAL 0.368497307749367 22
946.351690314568 APERIODIC_JOB_ARRIVAL 2.42886023782378 94
946.621042502623 APERIODIC_JOB_ARRIVAL 1.29699182521706 14
947.449219231987 APERIODIC_JOB_ARRIVAL 0.063567553880965 87
947.710938071778 APERIODIC_JOB_ARRIVAL 0.495677710522509 39
948.909412328522 APERIODIC_JOB_ARRIVAL 0.120822044757058 4
951.650813813009 APERIODIC_JOB_ARRIVAL 0.0605491733429889 28
953.798601740143 APERIODIC_JOB_ARRIVAL 1.31937397420964 79
954.184828794571 APERIODIC_JOB_ARRIVAL 0.832685444219949 55
954.560109235872 APERIODIC_JOB_ARRIVAL 0.996376822844878 24
956.177756023426 APERIODIC_JOB_ARRIVAL 1.66185924947972 70
957.325324381764 APERIODIC_JOB_ARRIVAL 0.795145286421086 49
958.709926572389 APERIODIC_JOB_ARRIVAL 0.427041062448514 54
958.807754175087 APERIODIC_JOB_ARRIVAL 1.10728870276656 83
959.183160001179 APERIODIC_JOB_ARRIVAL 0.268253726209069 15
961.610363852652 APERIODIC_JOB_ARRIVAL 0.221623330288808 76
962.177056968189 APERIODIC_JOB_ARRIVAL 0.652215946458564 63
963.023698638148 APERIODIC_JOB_ARRIVAL 3.53275428905435 27
964.614524857254 APERIODIC_JOB_ARRIVAL 1.55444768127919 95
964.619022795487 APERIODIC_JOB_ARRIVAL 0.401210874972543 59
964.802705842068 APERIODIC_JOB_ARRIVAL 0.256950075215755 96
966.28253152528 APERIODIC_JOB_ARRIVAL 2.306641544452 64
967.831874218099 APERIODIC_JOB_ARRIVAL 0.398638934393276 98
968.800587061821 APERIODIC_JOB_ARRIVAL 0.282088658041059 35
968.914853336123 APERIODIC_JOB_ARRIVAL 1.80978817128585 85
969.964089558035 APERIODIC_JOB_ARRIVAL 1.91451028803766 1
970.441643383026 APERIODIC_JOB_ARRIVAL 0.513942052071926 87
971.132712863969 APERIODIC_JOB_ARRIVAL 0.442489021159887 45
971.565990962014 APERIODIC_JOB_ARRIVAL 0.423940335572391 10
971.824237289079 APERIODIC_JOB_ARRIVAL 0.226581486971428 49
972.65564418718 APERIODIC_JOB_ARRIVAL 0.391751524446449 36
973.008633964264 APERIODIC_JOB_ARRIVAL 0.773159862015617 37
973.38721511066 APERIODIC_JOB_ARRIVAL 0.435278172998905 93
973.766116774658 APERIODIC_JOB_ARRIVAL 0.0401053074648479 84
976.14227561123 APERIODIC_JOB_ARRIVAL 0.568672654837719 86
977.433940337898 APERIODIC_JOB_ARRIVAL 0.0137190141762151 4
977.779611647602 APERIODIC_JOB_ARRIVAL 0.0760403682739686 16
978.279403031238 APERIODIC_JOB_ARRIVAL 0.0105824293530818 3
979.887796146106 APERIODIC_JOB_ARRIVAL 0.127044423329239 27
979.960933211391 APERIODIC_JOB_ARRIVAL 1.57368457071967 37
980.548947785775 APERIODIC_JOB_ARRIVAL 0.14361273736209 24
982.427833940334 APERIODIC_JOB_ARRIVAL 1.221772878058 13
982.490490067397 APERIODIC_JOB_ARRIVAL 0.957792247559058 87
982.912790722114 APERIODIC_JOB_ARRIVAL 1.89624389739466 0
983.426491617114 APERIODIC_JOB_ARRIVAL 0.700278527773305 50
983.599191284666 APERIODIC_JOB_ARRIVAL 2.05633062303278 66
984.950267149446 APERIODIC_JOB_ARRIVAL 0.903237627920799 71
986.289561297649 APERIODIC_JOB_ARRIVAL 0.183153619915425 39
987.409768767014 APERIODIC_JOB_ARRIVAL 0.661758439478076 84
989.977872131289 APERIODIC_JOB_ARRIVAL 3.14709742099098 22
991.203312678198 APERIODIC_JOB_ARRIVAL 0.703868908558576 25
993.546158185419 APERIODIC_JOB_ARRIVAL 0.955905960713379 24
993.769783799689 APERIODIC_JOB_ARRIVAL 1.66327262813229 50
994.922656496368 APERIODIC_JOB_ARRIVAL 0.545827384536838 61
996.813371510814 APERIODIC_JOB_ARRIVAL 1.81538257828934 85
998.140518890064 APERIODIC_JOB_ARRIVAL 1.68184720287171 8
998.993716832373 APERIODIC_JOB_ARRIVAL 1.82527600287502 95
999.727624978281 APERIODIC_JOB_ARRIVAL 1.65149799759927 80
1000.84517281974 APERIODIC_JOB_ARRIVAL 0.0542674782843931 38
