0.295008847756301 APERIODIC_JOB_ARRIVAL 1.6063433028046 35
2.49246591011762 APERIODIC_JOB_ARRIVAL 1.29292060405692 62
5.0044004917393 APERIODIC_JOB_ARRIVAL 0.232455284253808 51
5.69995171530821 APERIODIC_JOB_ARRIVAL 1.10466368842565 61
6.0698386338407 APERIODIC_JOB_ARRIVAL 0.271215270516554 38
6.8400832225315 APERIODIC_JOB_ARRIVAL 0.823211699527333 90
7.46749367335771 APERIODIC_JOB_ARRIVAL 5.48085221910271 83
7.7291025692364 APERIODIC_JOB_ARRIVAL 0.763400087859812 76
7.82469676050227 APERIODIC_JOB_ARRIVAL 1.07190923656968 98
8.44833700692875 APERIODIC_JOB_ARRIVAL 1.04968089775836 53
9.27470130531924 APERIODIC_JOB_ARRIVAL 1.57611702690179 43
9.35599576156551 APERIODIC_JOB_ARRIVAL 4.21035791393327 42
9.50694179566492 APERIODIC_JOB_ARRIVAL 0.0426146643679487 81
9.67075129313377 APERIODIC_JOB_ARRIVAL 2.06821970369059 21
11.2516717008884 APERIODIC_JOB_ARRIVAL 3.50309251088004 20
12.4494308217971 APERIODIC_JOB_ARRIVAL 0.475182462888992 69
15.3426575258937 APERIODIC_JOB_ARRIVAL 1.942149836028 76
16.5813204937011 APERIODIC_JOB_ARRIVAL 0.85445725567103 11
16.7377691321639 APERIODIC_JOB_ARRIVAL 2.29801540542405 71
16.9587519579828 APERIODIC_JOB_ARRIVAL 0.303454235248122 20
18.5020068285962 APERIODIC_JOB_ARRIVAL 3.63316164717701 40
19.0868841530681 APERIODIC_JOB_ARRIVAL 0.967149679952247 55
19.2329264034625 APERIODIC_JOB_ARRIVAL 0.103766680794812 84
21.2064963427235 APERIODIC_JOB_ARRIVAL 0.911929526153034 83
21.8619244522548 APERIODIC_JOB_ARRIVAL 1.83883089547858 90
23.0298217764142 APERIODIC_JOB_ARRIVAL 1.1624929866782 34
24.684057697275 APERIODIC_JOB_ARRIVAL 2.99645920442262 44
26.069522439471 APERIODIC_JOB_ARRIVAL 0.929812261907223 70
28.7295861459574 APERIODIC_JOB_ARRIVAL 1.02693129801334 99
28.9367675454146 APERIODIC_JOB_ARRIVAL 0.0879523442040433 83
29.3117892906059 APERIODIC_JOB_ARRIVAL 1.88423750391666 2
30.6570451903692 APERIODIC_JOB_ARRIVAL 6.83117446374197 18
31.1364369986988 APERIODIC_JOB_ARRIVAL 1.35138723595362 78
31.852855579327 APERIODIC_JOB_ARRIVAL 0.924382696800991 65
33.3161156095334 APERIODIC_JOB_ARRIVAL 0.262410276613633 15
34.3784934332482 APERIODIC_JOB_ARRIVAL 0.723017857806776 58
36.3090953502555 APERIODIC_JOB_ARRIVAL 0.823999980363071 30
38.1735004088446 APERIODIC_JOB_ARRIVAL 2.10227146915629 29
38.24730725029 APERIODIC_JOB_ARRIVAL 2.30996994598526 70
38.4469123278851 APERIODIC_JOB_ARRIVAL 0.385278734529477 55
38.9346446369896 APERIODIC_JOB_ARRIVAL 0.292588016363872 2
39.4117319876063 APERIODIC_JOB_ARRIVAL 2.06428356076192 40
39.8967175333209 APERIODIC_JOB_ARRIVAL 3.41033388115094 79
39.9565103354545 APERIODIC_JOB_ARRIVAL 3.10662956139134 54
40.5671510103138 APERIODIC_JOB_ARRIVAL 0.731236754079609 89
40.5797341780018 APERIODIC_JOB_ARRIVAL 5.00454774382779 25
40.8829226550686 APERIODIC_JOB_ARRIVAL 0.776482504552721 91
42.1473306810777 APERIODIC_JOB_ARRIVAL 0.27464336166645 87
42.6382811906339 APERIODIC_JOB_ARRIVAL 3.60238628710559 52
43.9619554659174 APERIODIC_JOB_ARRIVAL 0.803883276249412 20
44.8931995275495 APERIODIC_JOB_ARRIVAL 0.162182960120251 51
44.9666534284887 APERIODIC_JOB_ARRIVAL 2.0161136507201 69
45.42974366399 APERIODIC_JOB_ARRIVAL 2.28215161138981 82
45.5991269911448 APERIODIC_JOB_ARRIVAL 0.0718588396156911 2
45.6499138025181 APERIODIC_JOB_ARRIVAL 0.76303046455587 85
46.3339018875706 APERIODIC_JOB_ARRIVAL 0.447787901851062 72
46.8287384373239 APERIODIC_JOB_ARRIVAL 3.05748135375839 40
46.8865090192656 APERIODIC_JOB_ARRIVAL 2.34947286610859 95
48.4874416862818 APERIODIC_JOB_ARRIVAL 1.28325502291866 93
48.8240250756758 APERIODIC_JOB_ARRIVAL 4.4728773423572 36
49.3497996435225 APERIODIC_JOB_ARRIVAL 1.50186815412062 74
50.1500457947805 APERIODIC_JOB_ARRIVAL 1.74176990757727 96
50.9392691050072 APERIODIC_JOB_ARRIVAL 5.55444667671718 83
53.0477720194167 APERIODIC_JOB_ARRIVAL 1.57530965218913 46
55.5103096905257 APERIODIC_JOB_ARRIVAL 0.460460138853979 48
56.4596847690666 APERIODIC_JOB_ARRIVAL 1.40489747229136 29
57.6967943418758 APERIODIC_JOB_ARRIVAL 7.59434332345658 94
57.7567375095762 APERIODIC_JOB_ARRIVAL 1.21147423643894 71
58.0669346288817 APERIODIC_JOB_ARRIVAL 0.430374568108149 42
58.1662859079443 APERIODIC_JOB_ARRIVAL 1.47141253019077 37
62.9266006629425 APERIODIC_JOB_ARRIVAL 0.921157790313858 2
63.0162296373087 APERIODIC_JOB_ARRIVAL 1.64817216575085 52
63.2105494385338 APERIODIC_JOB_ARRIVAL 2.4386136264963 75
63.4204432619187 APERIODIC_JOB_ARRIVAL 0.00645127951522427 57
63.5213087384655 APERIODIC_JOB_ARRIVAL 4.59589677953558 30
63.8426569601741 APERIODIC_JOB_ARRIVAL 2.65485786773888 83
64.0498484813544 APERIODIC_JOB_ARRIVAL 2.80353725829187 14
64.573459232114 APERIODIC_JOB_ARRIVAL 0.529014070639021 63
65.0597585346751 APERIODIC_JOB_ARRIVAL 2.09273309204799 47
68.3513854937012 APERIODIC_JOB_ARRIVAL 5.45164894961615 52
68.4608264117023 APERIODIC_JOB_ARRIVAL 0.0680172998482569 7
69.3799949668508 APERIODIC_JOB_ARRIVAL 3.19992171653903 72
69.6807116234429 APERIODIC_JOB_ARRIVAL 0.891426844216072 49
69.7800525713462 APERIODIC_JOB_ARRIVAL 0.0509168131023134 24
69.8201360944801 APERIODIC_JOB_ARRIVAL 0.110095895492211 46
70.3205475375884 APERIODIC_JOB_ARRIVAL 1.80820442840704 95
70.5303011122244 APERIODIC_JOB_ARRIVAL 3.70315711237398 4
71.9106063612697 APERIODIC_JOB_ARRIVAL 1.80156773007884 43
71.9338870995032 APERIODIC_JOB_ARRIVAL 1.17692310802775 93
72.6939715177721 APERIODIC_JOB_ARRIVAL 2.37220267757519 67
73.4279711116048 APERIODIC_JOB_ARRIVAL 0.130986778264042 61
75.6346198520672 APERIODIC_JOB_ARRIVAL 3.28559796379963 91
75.6417725430058 APERIODIC_JOB_ARRIVAL 0.288704717718528 20
75.8357298715627 APERIODIC_JOB_ARRIVAL 1.16882378163066 62
76.5319868524169 APERIODIC_JOB_ARRIVAL 0.0251871643751846 99
77.1072056943002 APERIODIC_JOB_ARRIVAL 1.04004759163527 86
77.9973090626241 APERIODIC_JOB_ARRIVAL 0.772506476117319 18
82.394038690748 APERIODIC_JOB_ARRIVAL 0.553012226636368 99
82.8569843976953 APERIODIC_JOB_ARRIVAL 0.0672451616015179 30
83.3201597704332 APERIODIC_JOB_ARRIVAL 1.64662701553938 29
85.1443468934805 APERIODIC_JOB_ARRIVAL 0.479398643364566 68
85.2265078770452 APERIODIC_JOB_ARRIVAL 0.965731989610458 45
86.9931536182766 APERIODIC_JOB_ARRIVAL 0.26036799279873 55
87.0947617583838 APERIODIC_JOB_ARRIVAL 0.57755732269274 17
87.4230151199796 APERIODIC_JOB_ARRIVAL 1.19795759913817 83
87.9420000803277 APERIODIC_JOB_ARRIVAL 1.07220270882377 10
89.7777749996504 APERIODIC_JOB_ARRIVAL 1.33526436714852 0
90.7448636067197 APERIODIC_JOB_ARRIVAL 1.02625285419398 95
91.1826228033229 APERIODIC_JOB_ARRIVAL 3.80820072014595 49
91.2524713076168 APERIODIC_JOB_ARRIVAL 7.68747703660334 89
91.6845462614978 APERIODIC_JOB_ARRIVAL 0.61072262582377 73
91.9601199654485 APERIODIC_JOB_ARRIVAL 0.60596723691431 14
92.7120640385269 APERIODIC_JOB_ARRIVAL 2.87726448368263 49
92.9599214650605 APERIODIC_JOB_ARRIVAL 0.167033777709246 13
93.3434148803415 APERIODIC_JOB_ARRIVAL 1.43675897806904 96
94.0811212845213 APERIODIC_JOB_ARRIVAL 0.441994656112923 70
95.1757113691484 APERIODIC_JOB_ARRIVAL 5.0346029305797 50
96.9085874492858 APERIODIC_JOB_ARRIVAL 0.488725956786149 21
97.2742640423833 APERIODIC_JOB_ARRIVAL 1.05067907219584 98
97.4045793068324 APERIODIC_JOB_ARRIVAL 0.588884203263611 15
97.7998346520322 APERIODIC_JOB_ARRIVAL 3.32530605889982 11
98.3531469106159 APERIODIC_JOB_ARRIVAL 0.487979274036706 27
100.266015842576 APERIODIC_JOB_ARRIVAL 1.20020955973381 79
101.952080632683 APERIODIC_JOB_ARRIVAL 0.313376119489071 49
102.304168374671 APERIODIC_JOB_ARRIVAL 0.744516541359931 77
102.755189700062 APERIODIC_JOB_ARRIVAL 0.0863737326496407 39
105.020852358106 APERIODIC_JOB_ARRIVAL 0.0986728879508088 69
105.795402211198 APERIODIC_JOB_ARRIVAL 1.05223659438387 31
107.757531060978 APERIODIC_JOB_ARRIVAL 6.4871323106198 87
108.303036579927 APERIODIC_JOB_ARRIVAL 0.454671281243357 27
109.458825602879 APERIODIC_JOB_ARRIVAL 1.40790537644542 65
110.828643721381 APERIODIC_JOB_ARRIVAL 0.152855499567218 37
111.017430756344 APERIODIC_JOB_ARRIVAL 1.46909983907698 53
113.105265994996 APERIODIC_JOB_ARRIVAL 0.530018620734619 77
114.894501198561 APERIODIC_JOB_ARRIVAL 1.35569190862224 48
115.630617389846 APERIODIC_JOB_ARRIVAL 0.996703854475712 93
116.342493122093 APERIODIC_JOB_ARRIVAL 2.68821653117748 49
116.554124444772 APERIODIC_JOB_ARRIVAL 0.518452692911987 34
117.332715388628 APERIODIC_JOB_ARRIVAL 0.329550004688742 11
117.395617815959 APERIODIC_JOB_ARRIVAL 2.02571303558868 19
117.558487134141 APERIODIC_JOB_ARRIVAL 1.04983414705815 46
117.774620502987 APERIODIC_JOB_ARRIVAL 0.510362266759308 75
118.329055180122 APERIODIC_JOB_ARRIVAL 1.18687399571363 94
123.357649405334 APERIODIC_JOB_ARRIVAL 4.45830112896247 21
123.703450790213 APERIODIC_JOB_ARRIVAL 2.46295549043352 48
124.644188178988 APERIODIC_JOB_ARRIVAL 0.717418601578729 61
127.167061638576 APERIODIC_JOB_ARRIVAL 6.11926586079684 47
128.822943730997 APERIODIC_JOB_ARRIVAL 2.55315419713118 0
129.669306947616 APERIODIC_JOB_ARRIVAL 3.31642681841069 94
129.737048859366 APERIODIC_JOB_ARRIVAL 0.756305007344494 80
131.564060960272 APERIODIC_JOB_ARRIVAL 0.453017425569483 8
131.891191831515 APERIODIC_JOB_ARRIVAL 0.366175753835116 15
132.71050866062 APERIODIC_JOB_ARRIVAL 2.42151605077478 79
133.239893283388 APERIODIC_JOB_ARRIVAL 0.135776518148596 1
133.777509726154 APERIODIC_JOB_ARRIVAL 3.61030650880931 3
133.990287126034 APERIODIC_JOB_ARRIVAL 1.51618071076785 31
133.993205142327 APERIODIC_JOB_ARRIVAL 1.50717727645071 99
134.14957416749 APERIODIC_JOB_ARRIVAL 1.33651497177143 71
136.572245245308 APERIODIC_JOB_ARRIVAL 0.998755278518559 74
136.613437373806 APERIODIC_JOB_ARRIVAL 2.04706864014265 96
137.369222817756 APERIODIC_JOB_ARRIVAL 0.306295526183556 5
137.496634917918 APERIODIC_JOB_ARRIVAL 0.405919570888203 12
139.206443935936 APERIODIC_JOB_ARRIVAL 0.311025130337475 50
139.782223832646 APERIODIC_JOB_ARRIVAL 0.669676654660091 54
139.941009729088 APERIODIC_JOB_ARRIVAL 0.637293755201401 4
140.412012370803 APERIODIC_JOB_ARRIVAL 1.09804286247199 98
141.511089550563 APERIODIC_JOB_ARRIVAL 0.510802446699007 79
141.53127147993 APERIODIC_JOB_ARRIVAL 0.47910496032704 52
146.233898812127 APERIODIC_JOB_ARRIVAL 0.344359085785173 46
150.453401239105 APERIODIC_JOB_ARRIVAL 0.443030505580724 35
151.171431303786 APERIODIC_JOB_ARRIVAL 0.0476378586948984 69
151.742129290478 APERIODIC_JOB_ARRIVAL 0.877837053863126 41
152.638522450403 APERIODIC_JOB_ARRIVAL 0.359465256493951 80
152.831956571965 APERIODIC_JOB_ARRIVAL 1.86146700793952 57
153.365051534481 APERIODIC_JOB_ARRIVAL 0.00584395072650716 71
154.512632215346 APERIODIC_JOB_ARRIVAL 0.221883054477846 63
154.761900707321 APERIODIC_JOB_ARRIVAL 4.27924182296453 77
156.010630408571 APERIODIC_JOB_ARRIVAL 1.20668097342199 62
156.565219922248 APERIODIC_JOB_ARRIVAL 1.72450982262389 7
157.473527779929 APERIODIC_JOB_ARRIVAL 1.45841325847059 14
159.548891974184 APERIODIC_JOB_ARRIVAL 2.41153651370471 76
160.459081504109 APERIODIC_JOB_ARRIVAL 0.324029953679457 41
160.517561611862 APERIODIC_JOB_ARRIVAL 1.53578302984728 3
161.47339139311 APERIODIC_JOB_ARRIVAL 5.58062365820668 24
165.441889372751 APERIODIC_JOB_ARRIVAL 1.55774067156954 7
166.202765122698 APERIODIC_JOB_ARRIVAL 0.243918335311133 22
167.025158277229 APERIODIC_JOB_ARRIVAL 6.22953505040466 87
167.245702487676 APERIODIC_JOB_ARRIVAL 1.35156091919362 61
167.284180705006 APERIODIC_JOB_ARRIVAL 1.25249089916521 30
167.760140141235 APERIODIC_JOB_ARRIVAL 1.41484923556654 54
167.784927621506 APERIODIC_JOB_ARRIVAL 3.23270953472249 61
168.130857952045 APERIODIC_JOB_ARRIVAL 2.76750334808259 63
168.277167382483 APERIODIC_JOB_ARRIVAL 0.0727962315285248 37
170.574668019413 APERIODIC_JOB_ARRIVAL 0.97855975371849 66
172.430993973965 APERIODIC_JOB_ARRIVAL 1.13989948154082 78
172.599800546208 APERIODIC_JOB_ARRIVAL 0.425772695548763 95
173.630875038006 APERIODIC_JOB_ARRIVAL 1.23245028261172 26
174.440415164152 APERIODIC_JOB_ARRIVAL 1.44529734376463 79
177.077806588294 APERIODIC_JOB_ARRIVAL 1.37646089899068 86
177.890432320286 APERIODIC_JOB_ARRIVAL 0.923190368378511 50
178.149788053418 APERIODIC_JOB_ARRIVAL 6.31209925596102 7
180.195697955601 APERIODIC_JOB_ARRIVAL 0.0491733565950628 69
181.932609548709 APERIODIC_JOB_ARRIVAL 0.33442286787243 52
186.415524473321 APERIODIC_JOB_ARRIVAL 0.0992373220663346 7
189.111346688461 APERIODIC_JOB_ARRIVAL 1.0398426963725 42
189.161133014224 APERIODIC_JOB_ARRIVAL 0.245537531536563 12
191.130929931886 APERIODIC_JOB_ARRIVAL 1.03908072703337 20
193.74002385629 APERIODIC_JOB_ARRIVAL 0.18839734278763 35
193.831861126909 APERIODIC_JOB_ARRIVAL 0.858873346999966 84
196.828718788228 APERIODIC_JOB_ARRIVAL 0.541480669577719 68
197.469579030798 APERIODIC_JOB_ARRIVAL 1.16226694424229 71
198.046890358002 APERIODIC_JOB_ARRIVAL 0.110565918358635 29
198.929481280797 APERIODIC_JOB_ARRIVAL 0.356350637145272 45
199.446344614841 APERIODIC_JOB_ARRIVAL 2.70685873720955 26
202.497021469066 APERIODIC_JOB_ARRIVAL 0.653746395429865 59
203.377445662319 APERIODIC_JOB_ARRIVAL 0.912284199394259 46
203.724788616704 APERIODIC_JOB_ARRIVAL 2.33273611200138 58
206.578215013408 APERIODIC_JOB_ARRIVAL 0.333473728242295 14
206.687423491686 APERIODIC_JOB_ARRIVAL 0.652561030383847 85
210.322164465853 APERIODIC_JOB_ARRIVAL 0.909852097597288 96
210.657443317512 APERIODIC_JOB_ARRIVAL 0.221165832628471 11
211.535314927664 APERIODIC_JOB_ARRIVAL 1.50102432932959 25
212.428720640112 APERIODIC_JOB_ARRIVAL 3.84013784161506 73
213.483577194527 APERIODIC_JOB_ARRIVAL 0.202785815273899 61
213.553091542456 APERIODIC_JOB_ARRIVAL 4.60779606356449 36
213.672882448368 APERIODIC_JOB_ARRIVAL 2.96525314439309 6
213.848905794239 APERIODIC_JOB_ARRIVAL 0.911302776871047 40
214.031452376686 APERIODIC_JOB_ARRIVAL 1.88409473262967 68
214.045718793536 APERIODIC_JOB_ARRIVAL 0.715557981729755 76
214.749835798933 APERIODIC_JOB_ARRIVAL 1.0509755952555 95
215.290579308806 APERIODIC_JOB_ARRIVAL 1.04238560375616 29
215.388114857864 APERIODIC_JOB_ARRIVAL 0.15079661405164 17
217.897486612095 APERIODIC_JOB_ARRIVAL 1.5454792759553 59
219.078998420705 APERIODIC_JOB_ARRIVAL 1.2650496482185 32
219.609992097404 APERIODIC_JOB_ARRIVAL 0.782457370908087 24
220.72539997287 APERIODIC_JOB_ARRIVAL 5.72980995890891 68
222.438269970784 APERIODIC_JOB_ARRIVAL 1.02183286159541 52
223.682940235572 APERIODIC_JOB_ARRIVAL 1.65601197353696 62
223.696457685326 APERIODIC_JOB_ARRIVAL 1.89431679016801 49
224.182237285924 APERIODIC_JOB_ARRIVAL 0.0944507463092371 27
224.309785407249 APERIODIC_JOB_ARRIVAL 3.76134545568769 83
225.05780000575 APERIODIC_JOB_ARRIVAL 0.288224070303753 40
226.542797489112 APERIODIC_JOB_ARRIVAL 2.01903858946547 97
226.872552820202 APERIODIC_JOB_ARRIVAL 2.71595066461185 29
227.481710911984 APERIODIC_JOB_ARRIVAL 9.29964414991307 67
227.954091806406 APERIODIC_JOB_ARRIVAL 2.10217364955516 17
230.14161808048 APERIODIC_JOB_ARRIVAL 0.0146493739505442 54
231.623694506375 APERIODIC_JOB_ARRIVAL 0.422851133499188 10
233.394818962016 APERIODIC_JOB_ARRIVAL 2.74111542830764 96
233.901262985944 APERIODIC_JOB_ARRIVAL 0.401615508313572 4
235.590189929374 APERIODIC_JOB_ARRIVAL 5.07966363528809 80
235.930803234709 APERIODIC_JOB_ARRIVAL 2.78336667140981 68
236.073946411369 APERIODIC_JOB_ARRIVAL 0.550974486459339 4
236.833615191932 APERIODIC_JOB_ARRIVAL 3.47038904629019 70
237.024102252549 APERIODIC_JOB_ARRIVAL 3.73763980163778 0
238.373775654692 APERIODIC_JOB_ARRIVAL 1.2253321124668 69
238.968643533218 APERIODIC_JOB_ARRIVAL 2.44914336420303 58
239.374963833622 APERIODIC_JOB_ARRIVAL 2.35987302578892 71
240.514035741429 APERIODIC_JOB_ARRIVAL 0.716056171694805 9
240.681635188144 APERIODIC_JOB_ARRIVAL 1.1249028631116 25
241.046077734133 APERIODIC_JOB_ARRIVAL 1.26513920257177 54
241.280739540872 APERIODIC_JOB_ARRIVAL 1.51264298525775 41
241.449401836429 APERIODIC_JOB_ARRIVAL 0.144938273229342 9
241.491341636961 APERIODIC_JOB_ARRIVAL 3.026315153884 60
242.219158754299 APERIODIC_JOB_ARRIVAL 3.99882987929593 94
244.919252040082 APERIODIC_JOB_ARRIVAL 0.96896371863494 91
247.757763947041 APERIODIC_JOB_ARRIVAL 0.871990729206369 75
247.955931195222 APERIODIC_JOB_ARRIVAL 1.19307569994746 36
248.185286054644 APERIODIC_JOB_ARRIVAL 1.39461301005293 4
250.414413816073 APERIODIC_JOB_ARRIVAL 0.0846893636826384 95
251.154656712848 APERIODIC_JOB_ARRIVAL 1.74534872957241 27
251.657569428514 APERIODIC_JOB_ARRIVAL 3.2316168362876 39
251.941683700874 APERIODIC_JOB_ARRIVAL 1.18772963874551 75
252.62105960023 APERIODIC_JOB_ARRIVAL 0.659013292878833 80
253.706561865089 APERIODIC_JOB_ARRIVAL 0.469103212367013 2
254.88551936544 APERIODIC_JOB_ARRIVAL 0.694967013341349 31
255.729048772959 APERIODIC_JOB_ARRIVAL 3.84593740666574 26
256.361898280031 APERIODIC_JOB_ARRIVAL 1.59230206969516 86
260.536881459277 APERIODIC_JOB_ARRIVAL 1.10576765112088 90
261.794547817136 APERIODIC_JOB_ARRIVAL 3.52208291562876 87
262.480696966145 APERIODIC_JOB_ARRIVAL 1.62056097708617 58
263.185172490241 APERIODIC_JOB_ARRIVAL 2.04777434243768 60
264.259290038584 APERIODIC_JOB_ARRIVAL 1.08077624525028 36
267.474215458301 APERIODIC_JOB_ARRIVAL 1.26336032234899 66
268.910130075487 APERIODIC_JOB_ARRIVAL 1.11614208057523 49
269.784273309141 APERIODIC_JOB_ARRIVAL 2.67365010479227 69
270.766054361107 APERIODIC_JOB_ARRIVAL 0.2761150857524 65
271.378979008939 APERIODIC_JOB_ARRIVAL 0.762609191384014 44
272.835548067973 APERIODIC_JOB_ARRIVAL 5.15040094757489 85
274.398103253323 APERIODIC_JOB_ARRIVAL 3.07715672004615 63
275.735398599828 APERIODIC_JOB_ARRIVAL 1.54961813782204 50
277.438834123674 APERIODIC_JOB_ARRIVAL 1.54479170646446 43
277.698649715286 APERIODIC_JOB_ARRIVAL 5.01732612307821 10
277.765777241905 APERIODIC_JOB_ARRIVAL 3.44768153353988 82
277.929547285172 APERIODIC_JOB_ARRIVAL 3.1982593704553 96
278.542999545347 APERIODIC_JOB_ARRIVAL 0.33753849244703 99
279.348110011182 APERIODIC_JOB_ARRIVAL 2.15378703235577 50
279.73953612373 APERIODIC_JOB_ARRIVAL 0.175970673017072 25
280.282230698373 APERIODIC_JOB_ARRIVAL 0.817836763352446 85
281.638032159691 APERIODIC_JOB_ARRIVAL 4.66413156072674 73
281.641082020166 APERIODIC_JOB_ARRIVAL 3.12637436249467 27
283.584457826974 APERIODIC_JOB_ARRIVAL 0.235449139021398 21
285.901965500103 APERIODIC_JOB_ARRIVAL 0.00246813363151676 81
286.345976813974 APERIODIC_JOB_ARRIVAL 2.39473977315965 21
286.461052873871 APERIODIC_JOB_ARRIVAL 2.59773931685436 90
287.260831161049 APERIODIC_JOB_ARRIVAL 0.34740612566649 83
287.770148067942 APERIODIC_JOB_ARRIVAL 0.130383959840548 80
289.625108207671 APERIODIC_JOB_ARRIVAL 0.285963530394128 75
290.813543124595 APERIODIC_JOB_ARRIVAL 3.99104586442508 45
291.717412420256 APERIODIC_JOB_ARRIVAL 0.453607559029945 56
292.03272538752 APERIODIC_JOB_ARRIVAL 0.426333268749372 48
292.684191349143 APERIODIC_JOB_ARRIVAL 4.30969667312685 36
293.304898030976 APERIODIC_JOB_ARRIVAL 0.203975716594891 60
294.579575285494 APERIODIC_JOB_ARRIVAL 1.67057232863203 42
296.065938932009 APERIODIC_JOB_ARRIVAL 1.15861339751197 72
296.083804501117 APERIODIC_JOB_ARRIVAL 0.593268850333545 30
296.274700826146 APERIODIC_JOB_ARRIVAL 4.48831301643823 38
297.768657292281 APERIODIC_JOB_ARRIVAL 0.324895774348447 55
300.290755567995 APERIODIC_JOB_ARRIVAL 0.0704144661539905 25
301.641341505917 APERIODIC_JOB_ARRIVAL 1.49483321277998 71
301.929629927825 APERIODIC_JOB_ARRIVAL 5.32971601812879 86
302.720841539007 APERIODIC_JOB_ARRIVAL 0.518579762894749 14
304.223823059801 APERIODIC_JOB_ARRIVAL 1.22169760503419 50
304.486187288308 APERIODIC_JOB_ARRIVAL 0.658028297529561 34
306.632951577645 APERIODIC_JOB_ARRIVAL 1.48177211597094 75
306.813103851732 APERIODIC_JOB_ARRIVAL 0.399918059325559 17
309.379897046445 APERIODIC_JOB_ARRIVAL 2.43919615839832 96
315.52776099163 APERIODIC_JOB_ARRIVAL 0.204666837455244 25
316.716306393535 APERIODIC_JOB_ARRIVAL 2.82808609873938 24
316.971341646294 APERIODIC_JOB_ARRIVAL 0.842212279419847 4
317.778624683861 APERIODIC_JOB_ARRIVAL 2.27649548202871 11
318.884779155168 APERIODIC_JOB_ARRIVAL 2.21578252066899 5
319.579508357157 APERIODIC_JOB_ARRIVAL 0.121886748924262 78
321.672418095095 APERIODIC_JOB_ARRIVAL 3.17324194838916 44
322.97564345216 APERIODIC_JOB_ARRIVAL 2.19444674214329 5
325.051456110677 APERIODIC_JOB_ARRIVAL 1.37514238656715 38
326.674135924372 APERIODIC_JOB_ARRIVAL 0.26638980054934 58
327.614728397379 APERIODIC_JOB_ARRIVAL 1.17903484514335 14
327.859931323814 APERIODIC_JOB_ARRIVAL 0.0672060314799065 50
328.129138637367 APERIODIC_JOB_ARRIVAL 2.45561043075008 47
328.607236427938 APERIODIC_JOB_ARRIVAL 0.298871827206185 31
328.93777939587 APERIODIC_JOB_ARRIVAL 2.55299704751444 79
329.784088505931 APERIODIC_JOB_ARRIVAL 3.32047674701778 56
333.551640576497 APERIODIC_JOB_ARRIVAL 1.2325157006899 76
334.468476135462 APERIODIC_JOB_ARRIVAL 1.49436319386414 19
334.558200903667 APERIODIC_JOB_ARRIVAL 0.211967340617358 0
334.804727204192 APERIODIC_JOB_ARRIVAL 0.543407408590938 63
335.78194308237 APERIODIC_JOB_ARRIVAL 0.242439053150818 77
339.65503491053 APERIODIC_JOB_ARRIVAL 0.846123367811937 22
340.756083878559 APERIODIC_JOB_ARRIVAL 0.0805072593028133 2
342.070051622616 APERIODIC_JOB_ARRIVAL 2.62245551013785 1
342.146221959524 APERIODIC_JOB_ARRIVAL 0.211252680103373 43
347.355812026098 APERIODIC_JOB_ARRIVAL 4.46458107416747 1
347.928851995093 APERIODIC_JOB_ARRIVAL 0.000361660784410702 77
349.414348730553 APERIODIC_JOB_ARRIVAL 0.334831292376327 76
352.27975216299 APERIODIC_JOB_ARRIVAL 0.302822910189045 67
352.535964671222 APERIODIC_JOB_ARRIVAL 2.17151142933977 28
352.922644598456 APERIODIC_JOB_ARRIVAL 0.000245254104367052 79
354.375534201481 APERIODIC_JOB_ARRIVAL 7.23341114579519 34
355.303692611604 APERIODIC_JOB_ARRIVAL 3.21399074781179 85
356.142841123122 APERIODIC_JOB_ARRIVAL 0.119070298477509 13
357.487644565323 APERIODIC_JOB_ARRIVAL 1.28717076171738 80
359.548662732436 APERIODIC_JOB_ARRIVAL 0.0276015285949857 7
360.571803242784 APERIODIC_JOB_ARRIVAL 0.517148712370387 53
361.29843755978 APERIODIC_JOB_ARRIVAL 1.25999385350926 60
361.881742327988 APERIODIC_JOB_ARRIVAL 0.180936450516413 65
362.814095968389 APERIODIC_JOB_ARRIVAL 0.591907375058727 10
363.80261226392 APERIODIC_JOB_ARRIVAL 1.94240927733725 60
364.29898154118 APERIODIC_JOB_ARRIVAL 0.364253154304961 1
364.40120360597 APERIODIC_JOB_ARRIVAL 1.65816738255347 18
364.534151873709 APERIODIC_JOB_ARRIVAL 1.34260392574529 24
364.735362419607 APERIODIC_JOB_ARRIVAL 1.58778200838249 19
366.331327499927 APERIODIC_JOB_ARRIVAL 2.76734973576105 52
366.402956243607 APERIODIC_JOB_ARRIVAL 0.612460433901238 44
366.570276299422 APERIODIC_JOB_ARRIVAL 0.238511150545547 86
366.620057920498 APERIODIC_JOB_ARRIVAL 0.195173684097639 83
367.747672298152 APERIODIC_JOB_ARRIVAL 0.617346701172509 0
369.06169930573 APERIODIC_JOB_ARRIVAL 3.20010382771955 73
369.664533252209 APERIODIC_JOB_ARRIVAL 0.795615287171997 71
370.9994927212 APERIODIC_JOB_ARRIVAL 1.41568326799158 52
373.679344388528 APERIODIC_JOB_ARRIVAL 0.394659804625003 39
376.234642433181 APERIODIC_JOB_ARRIVAL 0.883084857364607 45
377.692632659757 APERIODIC_JOB_ARRIVAL 0.479972467094279 34
379.075237960437 APERIODIC_JOB_ARRIVAL 1.33798886382998 60
380.914403737057 APERIODIC_JOB_ARRIVAL 2.69096851756942 38
382.276610914012 APERIODIC_JOB_ARRIVAL 1.36111505842232 42
382.794037360186 APERIODIC_JOB_ARRIVAL 5.9494990060471 59
384.606487050465 APERIODIC_JOB_ARRIVAL 1.06749921063142 33
384.956832148018 APERIODIC_JOB_ARRIVAL 0.739437747880028 71
386.790300449332 APERIODIC_JOB_ARRIVAL 0.171601359765779 48
388.256437396704 APERIODIC_JOB_ARRIVAL 0.542926826033379 63
391.637890487144 APERIODIC_JOB_ARRIVAL 0.475828152952301 89
392.015913234563 APERIODIC_JOB_ARRIVAL 1.54408027070126 75
392.893743192056 APERIODIC_JOB_ARRIVAL 0.380547773094067 15
393.759124565306 APERIODIC_JOB_ARRIVAL 0.297173082712554 54
395.14116189368 APERIODIC_JOB_ARRIVAL 1.40032654001103 2
395.510696189358 APERIODIC_JOB_ARRIVAL 3.24239469060641 58
395.765289520689 APERIODIC_JOB_ARRIVAL 0.301483730462981 6
397.787929805308 APERIODIC_JOB_ARRIVAL 1.8118280835729 87
397.81189299737 APERIODIC_JOB_ARRIVAL 0.0600904459890076 78
397.978071585066 APERIODIC_JOB_ARRIVAL 4.08136017571098 51
397.992689619611 APERIODIC_JOB_ARRIVAL 0.236743383509501 42
398.591997736157 APERIODIC_JOB_ARRIVAL 0.29243042855341 5
398.627567197375 APERIODIC_JOB_ARRIVAL 0.878979626368313 17
399.047475305989 APERIODIC_JOB_ARRIVAL 1.47252439711071 27
400.138685149829 APERIODIC_JOB_ARRIVAL 1.34228675306987 12
400.26986805808 APERIODIC_JOB_ARRIVAL 0.160632979910744 86
400.596637206395 APERIODIC_JOB_ARRIVAL 0.762678910219998 10
400.940533607202 APERIODIC_JOB_ARRIVAL 0.324181796468443 99
401.065257036962 APERIODIC_JOB_ARRIVAL 1.15177168508455 32
401.926730489815 APERIODIC_JOB_ARRIVAL 0.27050101342312 94
402.684415389945 APERIODIC_JOB_ARRIVAL 2.25761690375568 99
402.920047658977 APERIODIC_JOB_ARRIVAL 1.04745612648804 64
403.96756000662 APERIODIC_JOB_ARRIVAL 2.64452412981494 7
405.856734713759 APERIODIC_JOB_ARRIVAL 5.8692711623449 62
407.988035881689 APERIODIC_JOB_ARRIVAL 0.301352343754991 62
407.993955291182 APERIODIC_JOB_ARRIVAL 0.539810739915181 16
409.013334735315 APERIODIC_JOB_ARRIVAL 7.50716490653164 79
412.761532752607 APERIODIC_JOB_ARRIVAL 4.1892360954324 4
414.071271655241 APERIODIC_JOB_ARRIVAL 5.33592955986517 18
414.272162311109 APERIODIC_JOB_ARRIVAL 1.97786107086561 48
414.326906170511 APERIODIC_JOB_ARRIVAL 3.31724021012014 3
415.207565125049 APERIODIC_JOB_ARRIVAL 1.33547156196675 8
416.439065330919 APERIODIC_JOB_ARRIVAL 2.24358567018523 45
418.912764350117 APERIODIC_JOB_ARRIVAL 4.09805947957577 14
420.157473971593 APERIODIC_JOB_ARRIVAL 1.6696548466513 27
420.341152206998 APERIODIC_JOB_ARRIVAL 0.165852756217965 34
420.685736900874 APERIODIC_JOB_ARRIVAL 0.854205230529411 82
420.956060445683 APERIODIC_JOB_ARRIVAL 0.157691236512865 6
422.53311802965 APERIODIC_JOB_ARRIVAL 0.350567793135005 63
422.563414403582 APERIODIC_JOB_ARRIVAL 2.56556126589836 1
423.415318085409 APERIODIC_JOB_ARRIVAL 0.717841704643526 42
424.297070253495 APERIODIC_JOB_ARRIVAL 0.749388532262633 98
425.662430099876 APERIODIC_JOB_ARRIVAL 0.614746944538671 94
425.825291838164 APERIODIC_JOB_ARRIVAL 0.87130318231364 5
426.007370484827 APERIODIC_JOB_ARRIVAL 1.06699347269789 17
430.022275317534 APERIODIC_JOB_ARRIVAL 0.115528541263328 53
431.852785118357 APERIODIC_JOB_ARRIVAL 3.17444325509203 71
432.673832596727 APERIODIC_JOB_ARRIVAL 0.708989043401433 17
433.523319341305 APERIODIC_JOB_ARRIVAL 1.18556463244597 36
434.367185770813 APERIODIC_JOB_ARRIVAL 1.74206988151738 35
434.397829844129 APERIODIC_JOB_ARRIVAL 1.15251644055606 33
434.785636017303 APERIODIC_JOB_ARRIVAL 1.74209988657875 41
435.61268289037 APERIODIC_JOB_ARRIVAL 3.64547753344906 63
436.219305484915 APERIODIC_JOB_ARRIVAL 1.07598527631543 90
436.895565284895 APERIODIC_JOB_ARRIVAL 0.451361285048124 74
438.248047351734 APERIODIC_JOB_ARRIVAL 0.882679040710919 30
438.426770387251 APERIODIC_JOB_ARRIVAL 6.54711315062796 76
439.037402222901 APERIODIC_JOB_ARRIVAL 0.951244809390348 12
439.480974362011 APERIODIC_JOB_ARRIVAL 2.57086246047914 3
439.590125816618 APERIODIC_JOB_ARRIVAL 2.3843682899687 18
440.90716428564 APERIODIC_JOB_ARRIVAL 1.37733547245681 15
442.291299550097 APERIODIC_JOB_ARRIVAL 0.789229880884596 73
443.180133544253 APERIODIC_JOB_ARRIVAL 1.94420768744723 86
446.179785570407 APERIODIC_JOB_ARRIVAL 1.89543895679687 16
446.603443715761 APERIODIC_JOB_ARRIVAL 0.791541540050235 18
446.893415428961 APERIODIC_JOB_ARRIVAL 0.266384493939478 97
448.030599251202 APERIODIC_JOB_ARRIVAL 1.71978923046531 61
449.57292146264 APERIODIC_JOB_ARRIVAL 0.806964367410709 13
449.946662785019 APERIODIC_JOB_ARRIVAL 1.76881253786625 82
450.130386509349 APERIODIC_JOB_ARRIVAL 3.7737631435862 83
450.209626889009 APERIODIC_JOB_ARRIVAL 0.274538475637337 80
450.211440716803 APERIODIC_JOB_ARRIVAL 0.93593878930713 6
450.242393169149 APERIODIC_JOB_ARRIVAL 2.97238425606767 25
450.416478163279 APERIODIC_JOB_ARRIVAL 0.667193103662911 55
451.358906083567 APERIODIC_JOB_ARRIVAL 1.68955271441997 20
453.255326696072 APERIODIC_JOB_ARRIVAL 0.22407625469836 93
454.454089533227 APERIODIC_JOB_ARRIVAL 2.42838343867607 58
454.877989108572 APERIODIC_JOB_ARRIVAL 1.38175766955106 53
454.968692522277 APERIODIC_JOB_ARRIVAL 1.06422780996351 17
455.514115634827 APERIODIC_JOB_ARRIVAL 0.0444736990095211 39
456.163174456643 APERIODIC_JOB_ARRIVAL 2.7610362075807 30
457.088326132009 APERIODIC_JOB_ARRIVAL 0.63532292432178 81
457.485019373931 APERIODIC_JOB_ARRIVAL 3.03061426203703 12
458.993484798878 APERIODIC_JOB_ARRIVAL 2.3113871057936 38
460.150597217688 APERIODIC_JOB_ARRIVAL 3.8085989606092 12
460.95124985825 APERIODIC_JOB_ARRIVAL 1.44043193414885 31
461.578273674096 APERIODIC_JOB_ARRIVAL 0.610076000146673 76
462.911839817269 APERIODIC_JOB_ARRIVAL 3.67050092468734 15
463.39124106345 APERIODIC_JOB_ARRIVAL 0.26666207964541 96
463.434301585337 APERIODIC_JOB_ARRIVAL 0.608260440348418 48
463.581532482866 APERIODIC_JOB_ARRIVAL 1.29033803842337 66
463.716655031388 APERIODIC_JOB_ARRIVAL 2.16283898593821 72
464.142514700101 APERIODIC_JOB_ARRIVAL 1.86452633294198 47
464.256325088589 APERIODIC_JOB_ARRIVAL 0.598305235780594 90
464.768462800356 APERIODIC_JOB_ARRIVAL 0.805936418843769 0
467.747558327717 APERIODIC_JOB_ARRIVAL 0.634635772133496 53
471.55678971207 APERIODIC_JOB_ARRIVAL 0.605169018253798 12
474.086397349161 APERIODIC_JOB_ARRIVAL 2.02456569064288 89
475.547343278312 APERIODIC_JOB_ARRIVAL 0.124484770297098 91
475.972853554893 APERIODIC_JOB_ARRIVAL 0.455062320395719 55
478.200242550502 APERIODIC_JOB_ARRIVAL 2.65697272895707 88
479.215179411044 APERIODIC_JOB_ARRIVAL 1.14504266476899 20
480.071338094791 APERIODIC_JOB_ARRIVAL 1.78478940671696 53
480.112279949812 APERIODIC_JOB_ARRIVAL 6.73046322500039 90
480.43541710546 APERIODIC_JOB_ARRIVAL 3.7125147391885 18
482.148745905463 APERIODIC_JOB_ARRIVAL 1.40821879502899 52
482.348378171951 APERIODIC_JOB_ARRIVAL 1.83911812526846 7
483.396652866106 APERIODIC_JOB_ARRIVAL 2.61124141155166 63
487.369171764733 APERIODIC_JOB_ARRIVAL 1.61261480156528 89
488.230048636788 APERIODIC_JOB_ARRIVAL 0.494018162196056 41
488.24616940501 APERIODIC_JOB_ARRIVAL 0.0756866203164629 62
488.438969364708 APERIODIC_JOB_ARRIVAL 0.331237910157615 97
488.738014592922 APERIODIC_JOB_ARRIVAL 0.266215560867581 58
489.75339977715 APERIODIC_JOB_ARRIVAL 0.00180277134406473 8
490.32028119009 APERIODIC_JOB_ARRIVAL 1.12113201312131 85
492.582574358251 APERIODIC_JOB_ARRIVAL 1.27149237088792 51
493.856971871211 APERIODIC_JOB_ARRIVAL 1.2401202856712 89
494.034010554102 APERIODIC_JOB_ARRIVAL 7.31482263287519 48
494.834419063422 APERIODIC_JOB_ARRIVAL 3.07180176472105 3
498.860300446419 APERIODIC_JOB_ARRIVAL 4.86479999537029 82
499.967391674934 APERIODIC_JOB_ARRIVAL 2.98223474572048 86
500.424746794877 APERIODIC_JOB_ARRIVAL 5.15362832825434 94
502.659870396601 APERIODIC_JOB_ARRIVAL 1.17318364823703 74
503.003738922191 APERIODIC_JOB_ARRIVAL 0.147615353770235 82
503.401431644477 APERIODIC_JOB_ARRIVAL 1.16851182461807 31
505.192247788262 APERIODIC_JOB_ARRIVAL 0.669978937312856 63
505.978290592676 APERIODIC_JOB_ARRIVAL 0.540456365314009 26
506.01650299403 APERIODIC_JOB_ARRIVAL 0.874837469211766 5
507.363797997379 APERIODIC_JOB_ARRIVAL 0.335870448051017 78
508.978732739124 APERIODIC_JOB_ARRIVAL 0.816303381541084 15
510.908561585766 APERIODIC_JOB_ARRIVAL 0.139236277652045 37
511.401313491055 APERIODIC_JOB_ARRIVAL 2.4540292741636 65
511.618495284515 APERIODIC_JOB_ARRIVAL 3.46837013617473 42
513.041998139839 APERIODIC_JOB_ARRIVAL 0.37258827428276 47
513.443041239184 APERIODIC_JOB_ARRIVAL 1.59637023470284 50
514.04970024119 APERIODIC_JOB_ARRIVAL 2.23143481893721 42
517.151803540768 APERIODIC_JOB_ARRIVAL 0.135849823235083 39
517.424966380886 APERIODIC_JOB_ARRIVAL 0.000487804090235913 58
517.826919599677 APERIODIC_JOB_ARRIVAL 2.91157701407699 15
518.940151470707 APERIODIC_JOB_ARRIVAL 0.48419768266598 29
520.672964128933 APERIODIC_JOB_ARRIVAL 0.568190672728795 38
523.332171212515 APERIODIC_JOB_ARRIVAL 0.712882520057458 28
524.043615841146 APERIODIC_JOB_ARRIVAL 0.618302043602599 69
524.27420880932 APERIODIC_JOB_ARRIVAL 1.04529421314823 56
525.545235775405 APERIODIC_JOB_ARRIVAL 0.384214395315284 94
525.559932799195 APERIODIC_JOB_ARRIVAL 2.37764161117438 69
526.429395867911 APERIODIC_JOB_ARRIVAL 2.01871011637855 90
527.664645707392 APERIODIC_JOB_ARRIVAL 2.58962334766673 37
529.705762600039 APERIODIC_JOB_ARRIVAL 0.753691130660873 84
529.721579493976 APERIODIC_JOB_ARRIVAL 0.163398768293276 8
529.748083952356 APERIODIC_JOB_ARRIVAL 0.648333252420284 42
530.579292004623 APERIODIC_JOB_ARRIVAL 2.63337599880522 65
531.331769317584 APERIODIC_JOB_ARRIVAL 3.61888726646439 5
531.881942245728 APERIODIC_JOB_ARRIVAL 0.947940240389842 0
532.958604066986 APERIODIC_JOB_ARRIVAL 0.835640415178616 29
534.072079980692 APERIODIC_JOB_ARRIVAL 0.727506458058045 18
534.406368491281 APERIODIC_JOB_ARRIVAL 1.53224888707185 53
537.253547235762 APERIODIC_JOB_ARRIVAL 2.03839307576543 77
538.46659305528 APERIODIC_JOB_ARRIVAL 0.243630191762336 70
540.117317924483 APERIODIC_JOB_ARRIVAL 1.23905692046087 21
547.004924951757 APERIODIC_JOB_ARRIVAL 0.501620493810359 52
547.468731472475 APERIODIC_JOB_ARRIVAL 0.277351500309256 50
547.500891153231 APERIODIC_JOB_ARRIVAL 0.840515023571489 20
548.68258565436 APERIODIC_JOB_ARRIVAL 0.945897845173672 50
548.978470165542 APERIODIC_JOB_ARRIVAL 0.750810569958581 34
551.115868214988 APERIODIC_JOB_ARRIVAL 1.75312095176768 59
552.118720977651 APERIODIC_JOB_ARRIVAL 0.874517567155564 69
552.186639996826 APERIODIC_JOB_ARRIVAL 0.8695573599617 41
554.16126719477 APERIODIC_JOB_ARRIVAL 1.29979878074404 77
555.88649072077 APERIODIC_JOB_ARRIVAL 0.514585270734649 21
555.934658133925 APERIODIC_JOB_ARRIVAL 5.24237943140611 29
556.382586192436 APERIODIC_JOB_ARRIVAL 1.67976928821288 48
557.018921928594 APERIODIC_JOB_ARRIVAL 0.281681892267252 0
557.138599013409 APERIODIC_JOB_ARRIVAL 1.5642950669002 37
558.105507725726 APERIODIC_JOB_ARRIVAL 0.374146828668669 4
561.034353693303 APERIODIC_JOB_ARRIVAL 0.308149640031526 39
562.536427945241 APERIODIC_JOB_ARRIVAL 1.25521795524314 73
564.520659335075 APERIODIC_JOB_ARRIVAL 4.04612871610036 88
566.197906073546 APERIODIC_JOB_ARRIVAL 4.00758023862396 45
566.601817299201 APERIODIC_JOB_ARRIVAL 0.156673144340758 25
568.787376540153 APERIODIC_JOB_ARRIVAL 0.981734928095601 35
571.530514738295 APERIODIC_JOB_ARRIVAL 4.05220802519087 53
572.353948748861 APERIODIC_JOB_ARRIVAL 0.161670244291733 43
572.766968984294 APERIODIC_JOB_ARRIVAL 1.04493165235392 70
573.637826600432 APERIODIC_JOB_ARRIVAL 0.366450463705809 62
577.008711901912 APERIODIC_JOB_ARRIVAL 1.55915868989088 57
578.459801784423 APERIODIC_JOB_ARRIVAL 2.26225011700273 92
580.33238125768 APERIODIC_JOB_ARRIVAL 1.49959234281506 34
580.364499601309 APERIODIC_JOB_ARRIVAL 0.015808888494912 73
581.306900643786 APERIODIC_JOB_ARRIVAL 0.435810311036021 79
581.92897867284 APERIODIC_JOB_ARRIVAL 2.16174516008049 31
582.642757439909 APERIODIC_JOB_ARRIVAL 3.02534263346538 74
583.002718717104 APERIODIC_JOB_ARRIVAL 0.576384044276766 10
584.473649346343 APERIODIC_JOB_ARRIVAL 2.46867318938487 30
588.182779326643 APERIODIC_JOB_ARRIVAL 0.257599717145174 26
589.206636983226 APERIODIC_JOB_ARRIVAL 3.76033966589326 10
589.950291353925 APERIODIC_JOB_ARRIVAL 2.46924937360904 6
589.951796117624 APERIODIC_JOB_ARRIVAL 0.316343320670784 0
590.62616450992 APERIODIC_JOB_ARRIVAL 0.0766722405116384 8
591.150409980269 APERIODIC_JOB_ARRIVAL 2.4481549167744 79
591.226732965705 APERIODIC_JOB_ARRIVAL 1.21773982223278 55
591.836229491123 APERIODIC_JOB_ARRIVAL 1.8320570590778 39
596.081048999021 APERIODIC_JOB_ARRIVAL 1.32616159032422 37
596.847634290676 APERIODIC_JOB_ARRIVAL 1.13664267801974 65
597.259001363581 APERIODIC_JOB_ARRIVAL 2.44765539096862 60
597.748675330678 APERIODIC_JOB_ARRIVAL 0.677833852627924 52
598.004154147468 APERIODIC_JOB_ARRIVAL 0.0860972163406395 23
599.511170986334 APERIODIC_JOB_ARRIVAL 0.0294850160939802 11
601.048895135103 APERIODIC_JOB_ARRIVAL 0.480988039767209 57
601.818461557956 APERIODIC_JOB_ARRIVAL 0.31937879267653 96
603.10005779518 APERIODIC_JOB_ARRIVAL 0.866428544015039 33
604.280953965686 APERIODIC_JOB_ARRIVAL 1.43187568989648 15
609.1585218384 APERIODIC_JOB_ARRIVAL 2.71186267311785 52
610.147198026509 APERIODIC_JOB_ARRIVAL 4.74040313954545 11
610.202310830346 APERIODIC_JOB_ARRIVAL 0.405685181680741 5
610.912895101053 APERIODIC_JOB_ARRIVAL 1.22767195927149 8
611.000635110875 APERIODIC_JOB_ARRIVAL 4.6162394374293 92
612.02601080701 APERIODIC_JOB_ARRIVAL 0.959018778428794 69
613.505729055218 APERIODIC_JOB_ARRIVAL 0.223177102356486 81
613.893679637031 APERIODIC_JOB_ARRIVAL 0.0555813299077918 32
615.099095134476 APERIODIC_JOB_ARRIVAL 8.89349643343644 61
616.139413141286 APERIODIC_JOB_ARRIVAL 0.174804043550407 37
616.560430017425 APERIODIC_JOB_ARRIVAL 0.681243212429152 96
616.943181249431 APERIODIC_JOB_ARRIVAL 3.40137474167287 41
617.02296376417 APERIODIC_JOB_ARRIVAL 0.187417582578618 52
617.98230293494 APERIODIC_JOB_ARRIVAL 0.730758119200101 89
618.053556836978 APERIODIC_JOB_ARRIVAL 0.456551548763448 12
618.450646228678 APERIODIC_JOB_ARRIVAL 2.54316177480276 50
618.621332695828 APERIODIC_JOB_ARRIVAL 5.71684492083288 96
621.117312990307 APERIODIC_JOB_ARRIVAL 0.664756114419638 88
622.941895200561 APERIODIC_JOB_ARRIVAL 3.19950795203786 70
624.10970043496 APERIODIC_JOB_ARRIVAL 1.35347926231047 98
625.952293267424 APERIODIC_JOB_ARRIVAL 0.295045214646939 21
625.969998101725 APERIODIC_JOB_ARRIVAL 0.449516059680848 54
627.488801910948 APERIODIC_JOB_ARRIVAL 5.58454173488925 36
627.692113826742 APERIODIC_JOB_ARRIVAL 0.699923808308741 81
628.351348958515 APERIODIC_JOB_ARRIVAL 1.99779982068324 35
628.885864584712 APERIODIC_JOB_ARRIVAL 0.178273793367559 92
629.445557848854 APERIODIC_JOB_ARRIVAL 4.8485431299332 75
630.564282435178 APERIODIC_JOB_ARRIVAL 4.34442378243768 69
631.493736617705 APERIODIC_JOB_ARRIVAL 0.963151790378237 36
633.154264580772 APERIODIC_JOB_ARRIVAL 0.29678242031879 74
636.114233193587 APERIODIC_JOB_ARRIVAL 6.29695744967757 14
636.135465182609 APERIODIC_JOB_ARRIVAL 2.82821750544132 4
636.907291198355 APERIODIC_JOB_ARRIVAL 1.52104566223708 64
637.148269256305 APERIODIC_JOB_ARRIVAL 3.08364840653243 23
637.395838996138 APERIODIC_JOB_ARRIVAL 0.619149328399606 89
640.646019791717 APERIODIC_JOB_ARRIVAL 2.03580745009693 45
640.854439854026 APERIODIC_JOB_ARRIVAL 0.966044284308249 59
642.869120464549 APERIODIC_JOB_ARRIVAL 0.475268791825351 68
643.03369456995 APERIODIC_JOB_ARRIVAL 4.35175802080155 80
644.26192264991 APERIODIC_JOB_ARRIVAL 1.20895596657869 38
645.149228506208 APERIODIC_JOB_ARRIVAL 3.92079880758271 46
646.399223828358 APERIODIC_JOB_ARRIVAL 1.57509444510506 19
647.24053143045 APERIODIC_JOB_ARRIVAL 1.89770249642111 61
647.669987676157 APERIODIC_JOB_ARRIVAL 0.146394537411396 20
647.749067124541 APERIODIC_JOB_ARRIVAL 3.91718422294437 12
648.599550402263 APERIODIC_JOB_ARRIVAL 0.576262361310262 23
648.913312901845 APERIODIC_JOB_ARRIVAL 0.00472141269898707 24
649.469647920653 APERIODIC_JOB_ARRIVAL 0.538329349061797 22
649.529051591902 APERIODIC_JOB_ARRIVAL 0.257024341315637 95
649.684969135021 APERIODIC_JOB_ARRIVAL 2.53758088801865 49
650.392669435777 APERIODIC_JOB_ARRIVAL 0.555168089694703 85
651.07276028764 APERIODIC_JOB_ARRIVAL 3.5253883310365 59
651.323336772717 APERIODIC_JOB_ARRIVAL 0.786374297254457 62
652.291360641183 APERIODIC_JOB_ARRIVAL 2.60257741241626 69
652.399411520308 APERIODIC_JOB_ARRIVAL 3.63049486813596 61
652.41766104787 APERIODIC_JOB_ARRIVAL 0.265416359588653 51
654.272485497381 APERIODIC_JOB_ARRIVAL 4.34563103073207 39
656.171838826338 APERIODIC_JOB_ARRIVAL 0.594954603959873 7
657.402833176336 APERIODIC_JOB_ARRIVAL 2.50382110907451 38
658.286783944386 APERIODIC_JOB_ARRIVAL 0.959689449204522 69
658.853483468183 APERIODIC_JOB_ARRIVAL 1.23510670024863 48
660.526405213402 APERIODIC_JOB_ARRIVAL 0.620225306728666 29
661.074008317996 APERIODIC_JOB_ARRIVAL 3.33432608065171 56
661.162889365817 APERIODIC_JOB_ARRIVAL 3.61412091732127 37
661.721462690221 APERIODIC_JOB_ARRIVAL 0.27769810473798 98
662.446481390054 APERIODIC_JOB_ARRIVAL 0.100845445875126 93
665.106130620699 APERIODIC_JOB_ARRIVAL 3.39236401520867 60
665.527826519917 APERIODIC_JOB_ARRIVAL 0.538347832487392 85
668.542711028652 APERIODIC_JOB_ARRIVAL 6.22423881406848 83
669.150477735828 APERIODIC_JOB_ARRIVAL 1.65171256687733 41
670.430215131518 APERIODIC_JOB_ARRIVAL 0.319411766611016 86
671.454640949508 APERIODIC_JOB_ARRIVAL 0.332991847593368 13
672.901947785128 APERIODIC_JOB_ARRIVAL 1.02853526048554 3
673.25701871473 APERIODIC_JOB_ARRIVAL 1.96292460389185 9
674.165727956401 APERIODIC_JOB_ARRIVAL 10.7897404626554 74
674.73349754623 APERIODIC_JOB_ARRIVAL 0.113919852612127 64
675.600300322973 APERIODIC_JOB_ARRIVAL 1.15357890250778 91
676.676917959543 APERIODIC_JOB_ARRIVAL 0.466731419957058 77
677.988131032291 APERIODIC_JOB_ARRIVAL 0.00911017889295499 46
679.594055396333 APERIODIC_JOB_ARRIVAL 0.402848816680054 87
680.709001030051 APERIODIC_JOB_ARRIVAL 2.74721826518108 37
681.551023162221 APERIODIC_JOB_ARRIVAL 1.11568075753067 84
684.248010068189 APERIODIC_JOB_ARRIVAL 6.56534743955269 66
684.522685379485 APERIODIC_JOB_ARRIVAL 0.788263475703148 36
685.142555760073 APERIODIC_JOB_ARRIVAL 1.19262153102514 44
686.114695498191 APERIODIC_JOB_ARRIVAL 4.4351105115618 95
686.73444373127 APERIODIC_JOB_ARRIVAL 0.343735103128015 38
688.207389692288 APERIODIC_JOB_ARRIVAL 0.984281751410073 2
688.444982344532 APERIODIC_JOB_ARRIVAL 0.212355020519469 80
689.634566894682 APERIODIC_JOB_ARRIVAL 1.30431630199148 97
691.349884447081 APERIODIC_JOB_ARRIVAL 7.56264262909315 72
692.271968648911 APERIODIC_JOB_ARRIVAL 2.66420504412636 76
692.730926978245 APERIODIC_JOB_ARRIVAL 0.307377181387298 21
694.01181230553 APERIODIC_JOB_ARRIVAL 1.82997782734897 97
694.459623954492 APERIODIC_JOB_ARRIVAL 0.0762420481551077 2
694.658283307441 APERIODIC_JOB_ARRIVAL 1.62217295274941 88
694.993180773675 APERIODIC_JOB_ARRIVAL 1.12693697112509 72
695.085333663544 APERIODIC_JOB_ARRIVAL 2.79875823918295 67
695.446221109112 APERIODIC_JOB_ARRIVAL 1.0203860558083 45
697.731070713913 APERIODIC_JOB_ARRIVAL 0.115148231174168 76
697.831906201373 APERIODIC_JOB_ARRIVAL 4.8166891131632 93
703.661328168661 APERIODIC_JOB_ARRIVAL 0.485795882005619 89
705.42414444489 APERIODIC_JOB_ARRIVAL 2.6579509950463 74
706.047132370192 APERIODIC_JOB_ARRIVAL 0.164082673273855 89
706.603219526402 APERIODIC_JOB_ARRIVAL 3.68638028098689 52
707.179734559379 APERIODIC_JOB_ARRIVAL 3.36161461196453 38
707.683366904902 APERIODIC_JOB_ARRIVAL 0.831791523369421 5
708.678852788407 APERIODIC_JOB_ARRIVAL 1.57567441466332 41
709.095530255781 APERIODIC_JOB_ARRIVAL 0.224470161101893 15
709.484132699918 APERIODIC_JOB_ARRIVAL 2.19452628812757 59
709.672230011327 APERIODIC_JOB_ARRIVAL 0.167625481542232 72
711.626864612558 APERIODIC_JOB_ARRIVAL 0.322621285741133 4
712.377059304428 APERIODIC_JOB_ARRIVAL 0.618873621854599 11
714.355022114745 APERIODIC_JOB_ARRIVAL 3.23926630997421 63
715.328666274711 APERIODIC_JOB_ARRIVAL 3.66445566805094 80
715.819452310083 APERIODIC_JOB_ARRIVAL 0.574930582210266 31
715.968997582916 APERIODIC_JOB_ARRIVAL 1.1765717471717 78
716.439600340326 APERIODIC_JOB_ARRIVAL 0.835994837209192 16
717.918087754068 APERIODIC_JOB_ARRIVAL 6.47229281957465 61
718.201134810503 APERIODIC_JOB_ARRIVAL 0.921174564624013 81
721.517045068952 APERIODIC_JOB_ARRIVAL 1.99656022944898 75
722.009684616036 APERIODIC_JOB_ARRIVAL 1.44515509511457 63
722.608400349539 APERIODIC_JOB_ARRIVAL 3.4222206748807 4
724.3457375908 APERIODIC_JOB_ARRIVAL 2.96124611119656 33
725.698493854993 APERIODIC_JOB_ARRIVAL 6.07563349114469 50
725.929983215749 APERIODIC_JOB_ARRIVAL 0.79890899689613 65
725.946327602206 APERIODIC_JOB_ARRIVAL 1.51301212954613 49
727.94954128114 APERIODIC_JOB_ARRIVAL 1.28649147853569 57
728.402349242344 APERIODIC_JOB_ARRIVAL 0.118639488498933 27
728.407255371386 APERIODIC_JOB_ARRIVAL 0.808245685840938 40
729.182306882083 APERIODIC_JOB_ARRIVAL 2.05039338661885 26
729.221990871072 APERIODIC_JOB_ARRIVAL 0.583795028979865 37
729.963470875746 APERIODIC_JOB_ARRIVAL 0.583947211603853 4
734.111660507777 APERIODIC_JOB_ARRIVAL 0.248390013242721 5
734.436782501526 APERIODIC_JOB_ARRIVAL 3.88918722193842 87
735.468275799193 APERIODIC_JOB_ARRIVAL 0.566619406547874 22
735.469364315041 APERIODIC_JOB_ARRIVAL 2.34202544166185 94
735.674681314377 APERIODIC_JOB_ARRIVAL 0.50588835762566 45
736.307211930575 APERIODIC_JOB_ARRIVAL 1.47548101311093 39
737.000781508037 APERIODIC_JOB_ARRIVAL 1.4001914265846 22
737.335168907805 APERIODIC_JOB_ARRIVAL 4.10819632279939 20
737.618601485498 APERIODIC_JOB_ARRIVAL 1.44736861744204 74
743.454445571314 APERIODIC_JOB_ARRIVAL 4.17229073693476 5
744.595012966917 APERIODIC_JOB_ARRIVAL 0.344331865870247 46
745.343129757447 APERIODIC_JOB_ARRIVAL 0.177782622860964 92
746.345780255626 APERIODIC_JOB_ARRIVAL 1.31881230513155 35
746.805620354485 APERIODIC_JOB_ARRIVAL 0.408341264679877 51
747.301639776077 APERIODIC_JOB_ARRIVAL 0.147402361703845 17
747.344945192314 APERIODIC_JOB_ARRIVAL 0.034123062467842 10
748.664817106063 APERIODIC_JOB_ARRIVAL 1.45963022865582 86
749.723868772603 APERIODIC_JOB_ARRIVAL 1.98790270664214 3
749.853107678001 APERIODIC_JOB_ARRIVAL 0.896745459799689 25
750.633801335262 APERIODIC_JOB_ARRIVAL 1.78649123360102 97
751.699127165891 APERIODIC_JOB_ARRIVAL 0.242215233998579 77
752.654168110677 APERIODIC_JOB_ARRIVAL 0.283357012318319 36
752.675333066709 APERIODIC_JOB_ARRIVAL 1.65200113305345 66
752.879961856168 APERIODIC_JOB_ARRIVAL 0.091813236786318 90
753.825648480327 APERIODIC_JOB_ARRIVAL 4.63884618106198 24
754.005481779588 APERIODIC_JOB_ARRIVAL 1.29988849994647 61
754.602414062968 APERIODIC_JOB_ARRIVAL 0.67322198245153 0
754.857159222873 APERIODIC_JOB_ARRIVAL 1.53154366389523 68
755.355360951506 APERIODIC_JOB_ARRIVAL 1.38897920146969 80
756.075703203062 APERIODIC_JOB_ARRIVAL 5.95602244869928 51
757.236064375487 APERIODIC_JOB_ARRIVAL 0.577069753301711 11
758.085476769488 APERIODIC_JOB_ARRIVAL 0.665709150038481 21
759.259434351344 APERIODIC_JOB_ARRIVAL 5.90862135947233 82
759.278108336093 APERIODIC_JOB_ARRIVAL 1.23900169879204 54
762.302486819176 APERIODIC_JOB_ARRIVAL 0.648392163075115 75
762.304126696978 APERIODIC_JOB_ARRIVAL 2.22399686424779 63
764.113329636554 APERIODIC_JOB_ARRIVAL 0.568708877995195 60
765.113995845716 APERIODIC_JOB_ARRIVAL 2.18029444299819 1
765.241259968801 APERIODIC_JOB_ARRIVAL 0.36725567591544 91
768.348567474413 APERIODIC_JOB_ARRIVAL 1.02584056218118 61
770.937939529362 APERIODIC_JOB_ARRIVAL 0.0102505403904231 90
771.122055966648 APERIODIC_JOB_ARRIVAL 0.498970843992374 80
773.143207995127 APERIODIC_JOB_ARRIVAL 0.422620574653271 38
777.538760917496 APERIODIC_JOB_ARRIVAL 2.78801548859524 12
777.962656987377 APERIODIC_JOB_ARRIVAL 0.343655346400183 76
778.201546147249 APERIODIC_JOB_ARRIVAL 2.66947883567145 85
778.723052065444 APERIODIC_JOB_ARRIVAL 3.49424908233677 8
780.393590164054 APERIODIC_JOB_ARRIVAL 0.150542431142006 32
780.746450243676 APERIODIC_JOB_ARRIVAL 1.12661774957034 47
781.42304387789 APERIODIC_JOB_ARRIVAL 0.0825734708719729 36
782.100107019052 APERIODIC_JOB_ARRIVAL 0.934419545209519 52
783.245742735328 APERIODIC_JOB_ARRIVAL 5.21390528858786 38
783.354011551913 APERIODIC_JOB_ARRIVAL 0.724262701068805 80
785.025934742199 APERIODIC_JOB_ARRIVAL 1.90363614948896 74
785.046442805712 APERIODIC_JOB_ARRIVAL 0.0195804025268567 2
785.656261521273 APERIODIC_JOB_ARRIVAL 0.383815174093787 78
787.983295445984 APERIODIC_JOB_ARRIVAL 0.305962702238715 40
788.422661803009 APERIODIC_JOB_ARRIVAL 2.30511546154325 4
788.685736041956 APERIODIC_JOB_ARRIVAL 0.583715488924797 76
788.840829192587 APERIODIC_JOB_ARRIVAL 0.938841826461127 46
790.08975898174 APERIODIC_JOB_ARRIVAL 0.597196989105744 82
790.207791396684 APERIODIC_JOB_ARRIVAL 1.73445858209169 74
790.635697479516 APERIODIC_JOB_ARRIVAL 1.71628539607485 51
790.665196845054 APERIODIC_JOB_ARRIVAL 0.738619168449898 61
792.275744668024 APERIODIC_JOB_ARRIVAL 0.0325092316284887 45
793.134236883395 APERIODIC_JOB_ARRIVAL 1.04115433189178 32
793.621042960897 APERIODIC_JOB_ARRIVAL 1.05989387213128 30
794.619551439221 APERIODIC_JOB_ARRIVAL 4.27256317718186 9
796.894814391421 APERIODIC_JOB_ARRIVAL 0.101916457241389 13
797.674415586903 APERIODIC_JOB_ARRIVAL 0.824477533900743 93
799.582107112856 APERIODIC_JOB_ARRIVAL 1.10006453048003 81
800.846413213502 APERIODIC_JOB_ARRIVAL 3.00760728650398 43
804.304733330884 APERIODIC_JOB_ARRIVAL 0.748049203927895 24
806.028255499504 APERIODIC_JOB_ARRIVAL 0.256696217889849 10
806.20286885716 APERIODIC_JOB_ARRIVAL 0.972041270671778 22
806.778223622158 APERIODIC_JOB_ARRIVAL 0.470113207632919 39
810.312883001995 APERIODIC_JOB_ARRIVAL 1.24518364099143 47
810.484177551888 APERIODIC_JOB_ARRIVAL 1.33006267839718 24
811.864473200416 APERIODIC_JOB_ARRIVAL 2.67614357508407 44
812.252972508638 APERIODIC_JOB_ARRIVAL 3.45584793397932 29
812.809007749257 APERIODIC_JOB_ARRIVAL 1.35721912825395 71
813.092337892541 APERIODIC_JOB_ARRIVAL 0.3513802391145 90
813.286403128311 APERIODIC_JOB_ARRIVAL 0.627942009239295 90
813.786279018584 APERIODIC_JOB_ARRIVAL 2.35488713568017 7
814.625288971571 APERIODIC_JOB_ARRIVAL 0.576626699166952 3
817.179750457222 APERIODIC_JOB_ARRIVAL 0.882721374868903 87
819.083830674252 APERIODIC_JOB_ARRIVAL 0.943448936227758 19
819.096448788443 APERIODIC_JOB_ARRIVAL 5.79233110036451 78
819.533994198729 APERIODIC_JOB_ARRIVAL 0.120801236149836 60
821.897336702526 APERIODIC_JOB_ARRIVAL 0.146555584455257 7
822.559061490859 APERIODIC_JOB_ARRIVAL 0.969372320775804 30
822.891860206178 APERIODIC_JOB_ARRIVAL 3.76487615801823 51
824.505303248624 APERIODIC_JOB_ARRIVAL 2.69069393434418 49
824.890821436025 APERIODIC_JOB_ARRIVAL 1.71506258034476 16
827.83783216863 APERIODIC_JOB_ARRIVAL 0.910704323939659 20
830.045293369619 APERIODIC_JOB_ARRIVAL 0.31887582238712 14
831.571553574983 APERIODIC_JOB_ARRIVAL 2.46402396265207 7
831.838008863094 APERIODIC_JOB_ARRIVAL 1.29876944040649 71
833.70690633349 APERIODIC_JOB_ARRIVAL 3.52218295545922 17
833.85643114211 APERIODIC_JOB_ARRIVAL 4.38414653071474 3
835.516776753235 APERIODIC_JOB_ARRIVAL 0.925146904822117 73
838.895926330749 APERIODIC_JOB_ARRIVAL 0.34837287034321 71
840.894672777811 APERIODIC_JOB_ARRIVAL 0.622112799419462 34
842.10328363784 APERIODIC_JOB_ARRIVAL 0.834663593273475 83
842.296895050627 APERIODIC_JOB_ARRIVAL 0.229811132408852 56
843.319356890641 APERIODIC_JOB_ARRIVAL 1.60679609931604 59
844.92592269385 APERIODIC_JOB_ARRIVAL 0.410675832866883 43
845.092752921852 APERIODIC_JOB_ARRIVAL 2.06970641418197 93
845.603768736616 APERIODIC_JOB_ARRIVAL 2.60208301375721 90
846.60694811803 APERIODIC_JOB_ARRIVAL 1.02058464725766 16
846.708096675468 APERIODIC_JOB_ARRIVAL 2.81045305048049 18
848.412538198363 APERIODIC_JOB_ARRIVAL 3.41015337951495 37
852.642958390583 APERIODIC_JOB_ARRIVAL 0.529383143394786 32
852.65170120892 APERIODIC_JOB_ARRIVAL 0.774202439057864 34
854.093029619191 APERIODIC_JOB_ARRIVAL 1.75346959735744 13
855.260281551815 APERIODIC_JOB_ARRIVAL 1.7935114172334 42
855.501597259634 APERIODIC_JOB_ARRIVAL 2.29883215567973 13
857.476784314804 APERIODIC_JOB_ARRIVAL 2.13812779804902 88
858.491357483305 APERIODIC_JOB_ARRIVAL 0.541200944065673 21
858.894262419086 APERIODIC_JOB_ARRIVAL 0.405134156993314 54
863.858658736093 APERIODIC_JOB_ARRIVAL 0.401470084705251 31
864.89390322808 APERIODIC_JOB_ARRIVAL 0.00486866321929321 46
865.109633982366 APERIODIC_JOB_ARRIVAL 0.818013995156404 89
866.047208361451 APERIODIC_JOB_ARRIVAL 4.20456109061949 42
867.07900217434 APERIODIC_JOB_ARRIVAL 1.62115162281211 91
867.14678316126 APERIODIC_JOB_ARRIVAL 0.106649433770609 54
867.669757986422 APERIODIC_JOB_ARRIVAL 4.51388755786091 23
869.721255862358 APERIODIC_JOB_ARRIVAL 0.282005391733688 14
869.745129235545 APERIODIC_JOB_ARRIVAL 1.30691069515523 51
873.121069265962 APERIODIC_JOB_ARRIVAL 3.09667433611604 6
873.940573450925 APERIODIC_JOB_ARRIVAL 0.533766494376389 76
876.474958817018 APERIODIC_JOB_ARRIVAL 3.35814770288913 65
877.021857968969 APERIODIC_JOB_ARRIVAL 0.289550257169899 0
878.722459808585 APERIODIC_JOB_ARRIVAL 0.225738815535766 35
879.232694397924 APERIODIC_JOB_ARRIVAL 0.0937794840311713 90
879.92979314503 APERIODIC_JOB_ARRIVAL 1.05306099072522 92
880.356982074641 APERIODIC_JOB_ARRIVAL 3.56156200855465 65
883.992226703719 APERIODIC_JOB_ARRIVAL 1.20483567146071 43
885.010521126739 APERIODIC_JOB_ARRIVAL 2.36118414217438 69
885.619360456972 APERIODIC_JOB_ARRIVAL 1.37052776162133 81
886.542413151179 APERIODIC_JOB_ARRIVAL 0.614238719488016 42
887.781114181136 APERIODIC_JOB_ARRIVAL 0.853893535054175 22
888.376132547818 APERIODIC_JOB_ARRIVAL 1.03551013357891 10
889.998890703696 APERIODIC_JOB_ARRIVAL 3.71241486980475 39
891.892336477228 APERIODIC_JOB_ARRIVAL 0.898436503690819 96
892.258102762762 APERIODIC_JOB_ARRIVAL 2.48065967232429 75
892.789208514124 APERIODIC_JOB_ARRIVAL 1.19797101757497 18
892.85467481693 APERIODIC_JOB_ARRIVAL 0.490302622527123 62
893.329966472422 APERIODIC_JOB_ARRIVAL 0.371186825448299 88
897.274639747832 APERIODIC_JOB_ARRIVAL 2.61451969114498 44
897.552577110187 APERIODIC_JOB_ARRIVAL 0.237168361981792 36
901.951059026019 APERIODIC_JOB_ARRIVAL 2.57670850110401 66
903.486206672378 APERIODIC_JOB_ARRIVAL 0.230089000269076 54
904.012625647787 APERIODIC_JOB_ARRIVAL 0.225457329163953 53
904.806454347728 APERIODIC_JOB_ARRIVAL 4.47795368920808 94
905.615304793525 APERIODIC_JOB_ARRIVAL 0.413845096080719 91
908.131576166816 APERIODIC_JOB_ARRIVAL 0.701940967926678 57
909.756629619906 APERIODIC_JOB_ARRIVAL 3.61262390344956 39
913.633826268847 APERIODIC_JOB_ARRIVAL 0.596741694406736 58
914.743804115458 APERIODIC_JOB_ARRIVAL 0.496262567677363 43
915.952734996317 APERIODIC_JOB_ARRIVAL 1.04327894218418 34
916.080160677256 APERIODIC_JOB_ARRIVAL 1.36223944917883 73
916.374659088934 APERIODIC_JOB_ARRIVAL 1.50307697067853 35
916.849024897849 APERIODIC_JOB_ARRIVAL 6.97991935376577 23
917.079117015155 APERIODIC_JOB_ARRIVAL 0.541656554299417 37
919.673408268237 APERIODIC_JOB_ARRIVAL 2.22660087958114 49
921.235589590461 APERIODIC_JOB_ARRIVAL 0.241519152584519 95
922.223637237898 APERIODIC_JOB_ARRIVAL 1.93684785021311 82
924.12626823182 APERIODIC_JOB_ARRIVAL 2.12650189885765 92
925.354605520129 APERIODIC_JOB_ARRIVAL 1.47283846339476 47
925.361694826013 APERIODIC_JOB_ARRIVAL 2.46680984911899 23
926.743464171387 APERIODIC_JOB_ARRIVAL 0.27924006132428 60
927.510007926724 APERIODIC_JOB_ARRIVAL 0.424147192611159 78
927.574626151751 APERIODIC_JOB_ARRIVAL 2.12643890047663 39
929.349044987843 APERIODIC_JOB_ARRIVAL 0.739982375485411 59
930.457970119357 APERIODIC_JOB_ARRIVAL 4.5237198925093 74
930.628826150628 APERIODIC_JOB_ARRIVAL 0.500968424498484 45
930.808525636952 APERIODIC_JOB_ARRIVAL 0.638620906128684 88
931.32251303382 APERIODIC_JOB_ARRIVAL 2.73189649214083 18
932.61171785386 APERIODIC_JOB_ARRIVAL 1.82554298500342 24
932.792079092759 APERIODIC_JOB_ARRIVAL 0.372276619405017 12
933.039544488574 APERIODIC_JOB_ARRIVAL 1.21118831366246 4
934.12501008769 APERIODIC_JOB_ARRIVAL 0.695845387789634 38
934.765952158673 APERIODIC_JOB_ARRIVAL 1.75397204141317 90
935.625037908791 APERIODIC_JOB_ARRIVAL 0.289369416131262 57
935.965687730611 APERIODIC_JOB_ARRIVAL 0.949446820498653 57
936.151529336292 APERIODIC_JOB_ARRIVAL 0.816420239026901 45
936.737305971789 APERIODIC_JOB_ARRIVAL 0.461596389284759 60
937.063701075425 APERIODIC_JOB_ARRIVAL 0.0549908162267683 86
938.993219065359 APERIODIC_JOB_ARRIVAL 1.65114663792355 26
939.387866982768 APERIODIC_JOB_ARRIVAL 4.03294920395496 2
943.098144802563 APERIODIC_JOB_ARRIVAL 1.77947865843002 59
943.635522545481 APERIODIC_JOB_ARRIVAL 1.27706659110982 19
945.52787925429 APERIODIC_JOB_ARRIVAL 2.14497942772381 54
945.620198561756 APERIODIC_JOB_ARRIVAL 0.614162179582279 22
946.351690314568 APERIODIC_JOB_ARRIVAL 4.04810039637296 94
946.621042502623 APERIODIC_JOB_ARRIVAL 2.16165304202844 14
947.449219231987 APERIODIC_JOB_ARRIVAL 0.105945923134942 87
947.710938071778 APERIODIC_JOB_ARRIVAL 0.826129517537515 39
948.909412328522 APERIODIC_JOB_ARRIVAL 0.201370074595097 4
951.650813813009 APERIODIC_JOB_ARRIVAL 0.100915288904982 28
953.798601740143 APERIODIC_JOB_ARRIVAL 2.19895662368273 79
954.184828794571 APERIODIC_JOB_ARRIVAL 1.38780907369992 55
954.560109235872 APERIODIC_JOB_ARRIVAL 1.6606280380748 24
956.177756023426 APERIODIC_JOB_ARRIVAL 2.76976541579953 70
957.325324381764 APERIODIC_JOB_ARRIVAL 1.32524214403514 49
958.709926572389 APERIODIC_JOB_ARRIVAL 0.711735104080857 54
958.807754175087 APERIODIC_JOB_ARRIVAL 1.8454811712776 83
959.183160001179 APERIODIC_JOB_ARRIVAL 0.447089543681781 15
961.610363852652 APERIODIC_JOB_ARRIVAL 0.369372217148013 76
962.177056968189 APERIODIC_JOB_ARRIVAL 1.08702657743094 63
963.023698638148 APERIODIC_JOB_ARRIVAL 5.88792381509058 27
964.614524857254 APERIODIC_JOB_ARRIVAL 2.59074613546532 95
964.619022795487 APERIODIC_JOB_ARRIVAL 0.668684791620906 59
964.802705842068 APERIODIC_JOB_ARRIVAL 0.428250125359592 96
966.28253152528 APERIODIC_JOB_ARRIVAL 3.84440257408666 64
967.831874218099 APERIODIC_JOB_ARRIVAL 0.664398223988792 98
968.800587061821 APERIODIC_JOB_ARRIVAL 0.470147763401765 35
968.914853336123 APERIODIC_JOB_ARRIVAL 3.01631361880974 85
969.964089558035 APERIODIC_JOB_ARRIVAL 3.19085048006276 1
970.441643383026 APERIODIC_JOB_ARRIVAL 0.856570086786543 87
971.132712863969 APERIODIC_JOB_ARRIVAL 0.737481701933146 45
971.565990962014 APERIODIC_JOB_ARRIVAL 0.706567225953985 10
971.824237289079 APERIODIC_JOB_ARRIVAL 0.377635811619047 49
972.65564418718 APERIODIC_JOB_ARRIVAL 0.652919207410748 36
973.008633964264 APERIODIC_JOB_ARRIVAL 1.28859977002603 37
973.38721511066 APERIODIC_JOB_ARRIVAL 0.725463621664842 93
973.766116774658 APERIODIC_JOB_ARRIVAL 0.0668421791080798 84
976.14227561123 APERIODIC_JOB_ARRIVAL 0.947787758062865 86
977.433940337898 APERIODIC_JOB_ARRIVAL 0.0228650236270252 4
977.779611647602 APERIODIC_JOB_ARRIVAL 0.126733947123281 16
978.279403031238 APERIODIC_JOB_ARRIVAL 0.0176373822551364 3
979.887796146106 APERIODIC_JOB_ARRIVAL 0.211740705548732 27
979.960933211391 APERIODIC_JOB_ARRIVAL 2.62280761786612 37
980.548947785775 APERIODIC_JOB_ARRIVAL 0.23935456227015 24
982.427833940334 APERIODIC_JOB_ARRIVAL 2.03628813009666 13
982.490490067397 APERIODIC_JOB_ARRIVAL 1.59632041259843 87
982.912790722114 APERIODIC_JOB_ARRIVAL 3.16040649565777 0
983.426491617114 APERIODIC_JOB_ARRIVAL 1.16713087962218 50
983.599191284666 APERIODIC_JOB_ARRIVAL 3.42721770505464 66
984.950267149446 APERIODIC_JOB_ARRIVAL 1.50539604653467 71
986.289561297649 APERIODIC_JOB_ARRIVAL 0.305256033192375 39
987.409768767014 APERIODIC_JOB_ARRIVAL 1.10293073246346 84
989.977872131289 APERIODIC_JOB_ARRIVAL 5.2451623683183 22
991.203312678198 APERIODIC_JOB_ARRIVAL 1.17311484759763 25
993.546158185419 APERIODIC_JOB_ARRIVAL 1.59317660118897 24
993.769783799689 APERIODIC_JOB_ARRIVAL 2.77212104688715 50
994.922656496368 APERIODIC_JOB_ARRIVAL 0.909712307561397 61
996.813371510814 APERIODIC_JOB_ARRIVAL 3.02563763048223 85
998.140518890064 APERIODIC_JOB_ARRIVAL 2.80307867145286 8
998.993716832373 APERIODIC_JOB_ARRIVAL 3.04212667145836 95
999.727624978281 APERIODIC_JOB_ARRIVAL 2.75249666266545 80
1000.84517281974 APERIODIC_JOB_ARRIVAL 0.0904457971406552 38
