0.295008847756301 APERIODIC_JOB_ARRIVAL 0.107089553520307 35
2.49246591011762 APERIODIC_JOB_ARRIVAL 0.0861947069371283 62
5.0044004917393 APERIODIC_JOB_ARRIVAL 0.0154970189502539 51
5.69995171530821 APERIODIC_JOB_ARRIVAL 0.0736442458950434 61
6.0698386338407 APERIODIC_JOB_ARRIVAL 0.0180810180344369 38
6.8400832225315 APERIODIC_JOB_ARRIVAL 0.0548807799684889 90
7.46749367335771 APERIODIC_JOB_ARRIVAL 0.365390147940181 83
7.7291025692364 APERIODIC_JOB_ARRIVAL 0.0508933391906541 76
7.82469676050227 APERIODIC_JOB_ARRIVAL 0.0714606157713122 98
8.44833700692875 APERIODIC_JOB_ARRIVAL 0.069978726517224 53
9.27470130531924 APERIODIC_JOB_ARRIVAL 0.105074468460119 43
9.35599576156551 APERIODIC_JOB_ARRIVAL 0.280690527595552 42
9.50694179566492 APERIODIC_JOB_ARRIVAL 0.00284097762452991 81
9.67075129313377 APERIODIC_JOB_ARRIVAL 0.137881313579373 21
11.2516717008884 APERIODIC_JOB_ARRIVAL 0.233539500725336 20
12.4494308217971 APERIODIC_JOB_ARRIVAL 0.0316788308592661 69
15.3426575258937 APERIODIC_JOB_ARRIVAL 0.1294766557352 76
16.5813204937011 APERIODIC_JOB_ARRIVAL 0.0569638170447353 11
16.7377691321639 APERIODIC_JOB_ARRIVAL 0.15320102702827 71
16.9587519579828 APERIODIC_JOB_ARRIVAL 0.0202302823498748 20
18.5020068285962 APERIODIC_JOB_ARRIVAL 0.242210776478467 40
19.0868841530681 APERIODIC_JOB_ARRIVAL 0.0644766453301498 55
19.2329264034625 APERIODIC_JOB_ARRIVAL 0.00691777871965414 84
21.2064963427235 APERIODIC_JOB_ARRIVAL 0.0607953017435356 83
21.8619244522548 APERIODIC_JOB_ARRIVAL 0.122588726365239 90
23.0298217764142 APERIODIC_JOB_ARRIVAL 0.0774995324452131 34
24.684057697275 APERIODIC_JOB_ARRIVAL 0.199763946961508 44
26.069522439471 APERIODIC_JOB_ARRIVAL 0.0619874841271482 70
28.7295861459574 APERIODIC_JOB_ARRIVAL 0.0684620865342226 99
28.9367675454146 APERIODIC_JOB_ARRIVAL 0.00586348961360289 83
29.3117892906059 APERIODIC_JOB_ARRIVAL 0.125615833594444 2
30.6570451903692 APERIODIC_JOB_ARRIVAL 0.455411630916132 18
31.1364369986988 APERIODIC_JOB_ARRIVAL 0.0900924823969082 78
31.852855579327 APERIODIC_JOB_ARRIVAL 0.061625513120066 65
33.3161156095334 APERIODIC_JOB_ARRIVAL 0.0174940184409088 15
34.3784934332482 APERIODIC_JOB_ARRIVAL 0.0482011905204517 58
36.3090953502555 APERIODIC_JOB_ARRIVAL 0.0549333320242048 30
38.1735004088446 APERIODIC_JOB_ARRIVAL 0.140151431277086 29
38.24730725029 APERIODIC_JOB_ARRIVAL 0.153997996399018 70
38.4469123278851 APERIODIC_JOB_ARRIVAL 0.0256852489686318 55
38.9346446369896 APERIODIC_JOB_ARRIVAL 0.0195058677575915 2
39.4117319876063 APERIODIC_JOB_ARRIVAL 0.137618904050794 40
39.8967175333209 APERIODIC_JOB_ARRIVAL 0.22735559207673 79
39.9565103354545 APERIODIC_JOB_ARRIVAL 0.20710863742609 54
40.5671510103138 APERIODIC_JOB_ARRIVAL 0.0487491169386406 89
40.5797341780018 APERIODIC_JOB_ARRIVAL 0.333636516255186 25
40.8829226550686 APERIODIC_JOB_ARRIVAL 0.0517655003035147 91
42.1473306810777 APERIODIC_JOB_ARRIVAL 0.01830955744443 87
42.6382811906339 APERIODIC_JOB_ARRIVAL 0.240159085807039 52
43.9619554659174 APERIODIC_JOB_ARRIVAL 0.0535922184166275 20
44.8931995275495 APERIODIC_JOB_ARRIVAL 0.0108121973413501 51
44.9666534284887 APERIODIC_JOB_ARRIVAL 0.134407576714673 69
45.42974366399 APERIODIC_JOB_ARRIVAL 0.152143440759321 82
45.5991269911448 APERIODIC_JOB_ARRIVAL 0.00479058930771274 2
45.6499138025181 APERIODIC_JOB_ARRIVAL 0.050868697637058 85
46.3339018875706 APERIODIC_JOB_ARRIVAL 0.0298525267900708 72
46.8287384373239 APERIODIC_JOB_ARRIVAL 0.203832090250559 40
46.8865090192656 APERIODIC_JOB_ARRIVAL 0.156631524407239 95
48.4874416862818 APERIODIC_JOB_ARRIVAL 0.085550334861244 93
48.8240250756758 APERIODIC_JOB_ARRIVAL 0.298191822823814 36
49.3497996435225 APERIODIC_JOB_ARRIVAL 0.100124543608042 74
50.1500457947805 APERIODIC_JOB_ARRIVAL 0.116117993838485 96
50.9392691050072 APERIODIC_JOB_ARRIVAL 0.370296445114478 83
53.0477720194167 APERIODIC_JOB_ARRIVAL 0.105020643479276 46
55.5103096905257 APERIODIC_JOB_ARRIVAL 0.0306973425902653 48
56.4596847690666 APERIODIC_JOB_ARRIVAL 0.0936598314860909 29
57.6967943418758 APERIODIC_JOB_ARRIVAL 0.506289554897105 94
57.7567375095762 APERIODIC_JOB_ARRIVAL 0.0807649490959291 71
58.0669346288817 APERIODIC_JOB_ARRIVAL 0.0286916378738766 42
58.1662859079443 APERIODIC_JOB_ARRIVAL 0.0980941686793845 37
62.9266006629425 APERIODIC_JOB_ARRIVAL 0.0614105193542572 2
63.0162296373087 APERIODIC_JOB_ARRIVAL 0.10987814438339 52
63.2105494385338 APERIODIC_JOB_ARRIVAL 0.16257424176642 75
63.4204432619187 APERIODIC_JOB_ARRIVAL 0.000430085301014951 57
63.5213087384655 APERIODIC_JOB_ARRIVAL 0.306393118635705 30
63.8426569601741 APERIODIC_JOB_ARRIVAL 0.176990524515926 83
64.0498484813544 APERIODIC_JOB_ARRIVAL 0.186902483886125 14
64.573459232114 APERIODIC_JOB_ARRIVAL 0.0352676047092681 63
65.0597585346751 APERIODIC_JOB_ARRIVAL 0.139515539469866 47
68.3513854937012 APERIODIC_JOB_ARRIVAL 0.363443263307744 52
68.4608264117023 APERIODIC_JOB_ARRIVAL 0.00453448665655046 7
69.3799949668508 APERIODIC_JOB_ARRIVAL 0.213328114435935 72
69.6807116234429 APERIODIC_JOB_ARRIVAL 0.0594284562810715 49
69.7800525713462 APERIODIC_JOB_ARRIVAL 0.00339445420682089 24
69.8201360944801 APERIODIC_JOB_ARRIVAL 0.00733972636614743 46
70.3205475375884 APERIODIC_JOB_ARRIVAL 0.120546961893803 95
70.5303011122244 APERIODIC_JOB_ARRIVAL 0.246877140824932 4
71.9106063612697 APERIODIC_JOB_ARRIVAL 0.120104515338589 43
71.9338870995032 APERIODIC_JOB_ARRIVAL 0.0784615405351832 93
72.6939715177721 APERIODIC_JOB_ARRIVAL 0.158146845171679 67
73.4279711116048 APERIODIC_JOB_ARRIVAL 0.00873245188426947 61
75.6346198520672 APERIODIC_JOB_ARRIVAL 0.219039864253308 91
75.6417725430058 APERIODIC_JOB_ARRIVAL 0.0192469811812352 20
75.8357298715627 APERIODIC_JOB_ARRIVAL 0.0779215854420442 62
76.5319868524169 APERIODIC_JOB_ARRIVAL 0.00167914429167897 99
77.1072056943002 APERIODIC_JOB_ARRIVAL 0.0693365061090183 86
77.9973090626241 APERIODIC_JOB_ARRIVAL 0.0515004317411546 18
82.394038690748 APERIODIC_JOB_ARRIVAL 0.0368674817757579 99
82.8569843976953 APERIODIC_JOB_ARRIVAL 0.00448301077343452 30
83.3201597704332 APERIODIC_JOB_ARRIVAL 0.109775134369292 29
85.1443468934805 APERIODIC_JOB_ARRIVAL 0.0319599095576377 68
85.2265078770452 APERIODIC_JOB_ARRIVAL 0.0643821326406972 45
86.9931536182766 APERIODIC_JOB_ARRIVAL 0.017357866186582 55
87.0947617583838 APERIODIC_JOB_ARRIVAL 0.0385038215128493 17
87.4230151199796 APERIODIC_JOB_ARRIVAL 0.0798638399425445 83
87.9420000803277 APERIODIC_JOB_ARRIVAL 0.0714801805882514 10
89.7777749996504 APERIODIC_JOB_ARRIVAL 0.0890176244765682 0
90.7448636067197 APERIODIC_JOB_ARRIVAL 0.0684168569462652 95
91.1826228033229 APERIODIC_JOB_ARRIVAL 0.25388004800973 49
91.2524713076168 APERIODIC_JOB_ARRIVAL 0.51249846910689 89
91.6845462614978 APERIODIC_JOB_ARRIVAL 0.0407148417215846 73
91.9601199654485 APERIODIC_JOB_ARRIVAL 0.0403978157942873 14
92.7120640385269 APERIODIC_JOB_ARRIVAL 0.191817632245509 49
92.9599214650605 APERIODIC_JOB_ARRIVAL 0.0111355851806164 13
93.3434148803415 APERIODIC_JOB_ARRIVAL 0.0957839318712693 96
94.0811212845213 APERIODIC_JOB_ARRIVAL 0.0294663104075282 70
95.1757113691484 APERIODIC_JOB_ARRIVAL 0.33564019537198 50
96.9085874492858 APERIODIC_JOB_ARRIVAL 0.0325817304524099 21
97.2742640423833 APERIODIC_JOB_ARRIVAL 0.0700452714797224 98
97.4045793068324 APERIODIC_JOB_ARRIVAL 0.0392589468842408 15
97.7998346520322 APERIODIC_JOB_ARRIVAL 0.221687070593322 11
98.3531469106159 APERIODIC_JOB_ARRIVAL 0.0325319516024471 27
100.266015842576 APERIODIC_JOB_ARRIVAL 0.0800139706489204 79
101.952080632683 APERIODIC_JOB_ARRIVAL 0.0208917412992714 49
102.304168374671 APERIODIC_JOB_ARRIVAL 0.049634436090662 77
102.755189700062 APERIODIC_JOB_ARRIVAL 0.00575824884330938 39
105.020852358106 APERIODIC_JOB_ARRIVAL 0.00657819253005392 69
105.795402211198 APERIODIC_JOB_ARRIVAL 0.070149106292258 31
107.757531060978 APERIODIC_JOB_ARRIVAL 0.432475487374653 87
108.303036579927 APERIODIC_JOB_ARRIVAL 0.0303114187495571 27
109.458825602879 APERIODIC_JOB_ARRIVAL 0.093860358429695 65
110.828643721381 APERIODIC_JOB_ARRIVAL 0.0101903666378145 37
111.017430756344 APERIODIC_JOB_ARRIVAL 0.0979399892717985 53
113.105265994996 APERIODIC_JOB_ARRIVAL 0.0353345747156413 77
114.894501198561 APERIODIC_JOB_ARRIVAL 0.0903794605748159 48
115.630617389846 APERIODIC_JOB_ARRIVAL 0.0664469236317141 93
116.342493122093 APERIODIC_JOB_ARRIVAL 0.179214435411832 49
116.554124444772 APERIODIC_JOB_ARRIVAL 0.0345635128607991 34
117.332715388628 APERIODIC_JOB_ARRIVAL 0.0219700003125828 11
117.395617815959 APERIODIC_JOB_ARRIVAL 0.135047535705912 19
117.558487134141 APERIODIC_JOB_ARRIVAL 0.0699889431372099 46
117.774620502987 APERIODIC_JOB_ARRIVAL 0.0340241511172872 75
118.329055180122 APERIODIC_JOB_ARRIVAL 0.0791249330475751 94
123.357649405334 APERIODIC_JOB_ARRIVAL 0.297220075264165 21
123.703450790213 APERIODIC_JOB_ARRIVAL 0.164197032695568 48
124.644188178988 APERIODIC_JOB_ARRIVAL 0.0478279067719153 61
127.167061638576 APERIODIC_JOB_ARRIVAL 0.407951057386456 47
128.822943730997 APERIODIC_JOB_ARRIVAL 0.170210279808745 0
129.669306947616 APERIODIC_JOB_ARRIVAL 0.221095121227379 94
129.737048859366 APERIODIC_JOB_ARRIVAL 0.0504203338229663 80
131.564060960272 APERIODIC_JOB_ARRIVAL 0.0302011617046322 8
131.891191831515 APERIODIC_JOB_ARRIVAL 0.0244117169223411 15
132.71050866062 APERIODIC_JOB_ARRIVAL 0.161434403384985 79
133.239893283388 APERIODIC_JOB_ARRIVAL 0.00905176787657304 1
133.777509726154 APERIODIC_JOB_ARRIVAL 0.240687100587287 3
133.990287126034 APERIODIC_JOB_ARRIVAL 0.10107871405119 31
133.993205142327 APERIODIC_JOB_ARRIVAL 0.100478485096714 99
134.14957416749 APERIODIC_JOB_ARRIVAL 0.0891009981180953 71
136.572245245308 APERIODIC_JOB_ARRIVAL 0.0665836852345706 74
136.613437373806 APERIODIC_JOB_ARRIVAL 0.136471242676177 96
137.369222817756 APERIODIC_JOB_ARRIVAL 0.0204197017455704 5
137.496634917918 APERIODIC_JOB_ARRIVAL 0.0270613047258802 12
139.206443935936 APERIODIC_JOB_ARRIVAL 0.020735008689165 50
139.782223832646 APERIODIC_JOB_ARRIVAL 0.0446451103106728 54
139.941009729088 APERIODIC_JOB_ARRIVAL 0.0424862503467601 4
140.412012370803 APERIODIC_JOB_ARRIVAL 0.0732028574981328 98
141.511089550563 APERIODIC_JOB_ARRIVAL 0.0340534964466005 79
141.53127147993 APERIODIC_JOB_ARRIVAL 0.0319403306884693 52
146.233898812127 APERIODIC_JOB_ARRIVAL 0.0229572723856782 46
150.453401239105 APERIODIC_JOB_ARRIVAL 0.029535367038715 35
151.171431303786 APERIODIC_JOB_ARRIVAL 0.00317585724632656 69
151.742129290478 APERIODIC_JOB_ARRIVAL 0.0585224702575418 41
152.638522450403 APERIODIC_JOB_ARRIVAL 0.02396435043293 80
152.831956571965 APERIODIC_JOB_ARRIVAL 0.124097800529301 57
153.365051534481 APERIODIC_JOB_ARRIVAL 0.000389596715100477 71
154.512632215346 APERIODIC_JOB_ARRIVAL 0.0147922036318564 63
154.761900707321 APERIODIC_JOB_ARRIVAL 0.285282788197635 77
156.010630408571 APERIODIC_JOB_ARRIVAL 0.0804453982281325 62
156.565219922248 APERIODIC_JOB_ARRIVAL 0.114967321508259 7
157.473527779929 APERIODIC_JOB_ARRIVAL 0.0972275505647063 14
159.548891974184 APERIODIC_JOB_ARRIVAL 0.160769100913647 76
160.459081504109 APERIODIC_JOB_ARRIVAL 0.0216019969119638 41
160.517561611862 APERIODIC_JOB_ARRIVAL 0.102385535323152 3
161.47339139311 APERIODIC_JOB_ARRIVAL 0.372041577213779 24
165.441889372751 APERIODIC_JOB_ARRIVAL 0.103849378104636 7
166.202765122698 APERIODIC_JOB_ARRIVAL 0.0162612223540756 22
167.025158277229 APERIODIC_JOB_ARRIVAL 0.415302336693644 87
167.245702487676 APERIODIC_JOB_ARRIVAL 0.0901040612795748 61
167.284180705006 APERIODIC_JOB_ARRIVAL 0.0834993932776806 30
167.760140141235 APERIODIC_JOB_ARRIVAL 0.0943232823711024 54
167.784927621506 APERIODIC_JOB_ARRIVAL 0.215513968981499 61
168.130857952045 APERIODIC_JOB_ARRIVAL 0.184500223205506 63
168.277167382483 APERIODIC_JOB_ARRIVAL 0.00485308210190165 37
170.574668019413 APERIODIC_JOB_ARRIVAL 0.065237316914566 66
172.430993973965 APERIODIC_JOB_ARRIVAL 0.0759932987693879 78
172.599800546208 APERIODIC_JOB_ARRIVAL 0.0283848463699176 95
173.630875038006 APERIODIC_JOB_ARRIVAL 0.082163352174115 26
174.440415164152 APERIODIC_JOB_ARRIVAL 0.0963531562509752 79
177.077806588294 APERIODIC_JOB_ARRIVAL 0.0917640599327117 86
177.890432320286 APERIODIC_JOB_ARRIVAL 0.0615460245585674 50
178.149788053418 APERIODIC_JOB_ARRIVAL 0.420806617064068 7
180.195697955601 APERIODIC_JOB_ARRIVAL 0.00327822377300419 69
181.932609548709 APERIODIC_JOB_ARRIVAL 0.022294857858162 52
186.415524473321 APERIODIC_JOB_ARRIVAL 0.00661582147108897 7
189.111346688461 APERIODIC_JOB_ARRIVAL 0.0693228464248336 42
189.161133014224 APERIODIC_JOB_ARRIVAL 0.0163691687691042 12
191.130929931886 APERIODIC_JOB_ARRIVAL 0.0692720484688912 20
193.74002385629 APERIODIC_JOB_ARRIVAL 0.0125598228525087 35
193.831861126909 APERIODIC_JOB_ARRIVAL 0.0572582231333311 84
196.828718788228 APERIODIC_JOB_ARRIVAL 0.0360987113051813 68
197.469579030798 APERIODIC_JOB_ARRIVAL 0.077484462949486 71
198.046890358002 APERIODIC_JOB_ARRIVAL 0.00737106122390899 29
198.929481280797 APERIODIC_JOB_ARRIVAL 0.0237567091430182 45
199.446344614841 APERIODIC_JOB_ARRIVAL 0.180457249147303 26
202.497021469066 APERIODIC_JOB_ARRIVAL 0.0435830930286577 59
203.377445662319 APERIODIC_JOB_ARRIVAL 0.0608189466262839 46
203.724788616704 APERIODIC_JOB_ARRIVAL 0.155515740800092 58
206.578215013408 APERIODIC_JOB_ARRIVAL 0.0222315818828197 14
206.687423491686 APERIODIC_JOB_ARRIVAL 0.0435040686922565 85
210.322164465853 APERIODIC_JOB_ARRIVAL 0.0606568065064858 96
210.657443317512 APERIODIC_JOB_ARRIVAL 0.0147443888418981 11
211.535314927664 APERIODIC_JOB_ARRIVAL 0.100068288621973 25
212.428720640112 APERIODIC_JOB_ARRIVAL 0.256009189441004 73
213.483577194527 APERIODIC_JOB_ARRIVAL 0.0135190543515933 61
213.553091542456 APERIODIC_JOB_ARRIVAL 0.307186404237633 36
213.672882448368 APERIODIC_JOB_ARRIVAL 0.197683542959539 6
213.848905794239 APERIODIC_JOB_ARRIVAL 0.0607535184580698 40
214.031452376686 APERIODIC_JOB_ARRIVAL 0.125606315508645 68
214.045718793536 APERIODIC_JOB_ARRIVAL 0.0477038654486504 76
214.749835798933 APERIODIC_JOB_ARRIVAL 0.0700650396837003 95
215.290579308806 APERIODIC_JOB_ARRIVAL 0.0694923735837438 29
215.388114857864 APERIODIC_JOB_ARRIVAL 0.0100531076034427 17
217.897486612095 APERIODIC_JOB_ARRIVAL 0.103031951730353 59
219.078998420705 APERIODIC_JOB_ARRIVAL 0.0843366432145668 32
219.609992097404 APERIODIC_JOB_ARRIVAL 0.0521638247272058 24
220.72539997287 APERIODIC_JOB_ARRIVAL 0.381987330593927 68
222.438269970784 APERIODIC_JOB_ARRIVAL 0.0681221907730277 52
223.682940235572 APERIODIC_JOB_ARRIVAL 0.110400798235797 62
223.696457685326 APERIODIC_JOB_ARRIVAL 0.1262877860112 49
224.182237285924 APERIODIC_JOB_ARRIVAL 0.0062967164206158 27
224.309785407249 APERIODIC_JOB_ARRIVAL 0.250756363712513 83
225.05780000575 APERIODIC_JOB_ARRIVAL 0.0192149380202502 40
226.542797489112 APERIODIC_JOB_ARRIVAL 0.134602572631032 97
226.872552820202 APERIODIC_JOB_ARRIVAL 0.18106337764079 29
227.481710911984 APERIODIC_JOB_ARRIVAL 0.619976276660871 67
227.954091806406 APERIODIC_JOB_ARRIVAL 0.140144909970344 17
230.14161808048 APERIODIC_JOB_ARRIVAL 0.000976624930036283 54
231.623694506375 APERIODIC_JOB_ARRIVAL 0.0281900755666125 10
233.394818962016 APERIODIC_JOB_ARRIVAL 0.182741028553843 96
233.901262985944 APERIODIC_JOB_ARRIVAL 0.0267743672209048 4
235.590189929374 APERIODIC_JOB_ARRIVAL 0.338644242352539 80
235.930803234709 APERIODIC_JOB_ARRIVAL 0.185557778093987 68
236.073946411369 APERIODIC_JOB_ARRIVAL 0.0367316324306226 4
236.833615191932 APERIODIC_JOB_ARRIVAL 0.231359269752679 70
237.024102252549 APERIODIC_JOB_ARRIVAL 0.249175986775852 0
238.373775654692 APERIODIC_JOB_ARRIVAL 0.0816888074977866 69
238.968643533218 APERIODIC_JOB_ARRIVAL 0.163276224280202 58
239.374963833622 APERIODIC_JOB_ARRIVAL 0.157324868385928 71
240.514035741429 APERIODIC_JOB_ARRIVAL 0.047737078112987 9
240.681635188144 APERIODIC_JOB_ARRIVAL 0.0749935242074401 25
241.046077734133 APERIODIC_JOB_ARRIVAL 0.0843426135047843 54
241.280739540872 APERIODIC_JOB_ARRIVAL 0.10084286568385 41
241.449401836429 APERIODIC_JOB_ARRIVAL 0.00966255154862278 9
241.491341636961 APERIODIC_JOB_ARRIVAL 0.201754343592267 60
242.219158754299 APERIODIC_JOB_ARRIVAL 0.266588658619728 94
244.919252040082 APERIODIC_JOB_ARRIVAL 0.0645975812423293 91
247.757763947041 APERIODIC_JOB_ARRIVAL 0.0581327152804246 75
247.955931195222 APERIODIC_JOB_ARRIVAL 0.0795383799964974 36
248.185286054644 APERIODIC_JOB_ARRIVAL 0.0929742006701956 4
250.414413816073 APERIODIC_JOB_ARRIVAL 0.00564595757884256 95
251.154656712848 APERIODIC_JOB_ARRIVAL 0.116356581971494 27
251.657569428514 APERIODIC_JOB_ARRIVAL 0.215441122419173 39
251.941683700874 APERIODIC_JOB_ARRIVAL 0.0791819759163676 75
252.62105960023 APERIODIC_JOB_ARRIVAL 0.0439342195252555 80
253.706561865089 APERIODIC_JOB_ARRIVAL 0.0312735474911342 2
254.88551936544 APERIODIC_JOB_ARRIVAL 0.0463311342227566 31
255.729048772959 APERIODIC_JOB_ARRIVAL 0.256395827111049 26
256.361898280031 APERIODIC_JOB_ARRIVAL 0.106153471313011 86
260.536881459277 APERIODIC_JOB_ARRIVAL 0.0737178434080587 90
261.794547817136 APERIODIC_JOB_ARRIVAL 0.234805527708584 87
262.480696966145 APERIODIC_JOB_ARRIVAL 0.108037398472411 58
263.185172490241 APERIODIC_JOB_ARRIVAL 0.136518289495846 60
264.259290038584 APERIODIC_JOB_ARRIVAL 0.072051749683352 36
267.474215458301 APERIODIC_JOB_ARRIVAL 0.0842240214899328 66
268.910130075487 APERIODIC_JOB_ARRIVAL 0.0744094720383486 49
269.784273309141 APERIODIC_JOB_ARRIVAL 0.178243340319485 69
270.766054361107 APERIODIC_JOB_ARRIVAL 0.0184076723834933 65
271.378979008939 APERIODIC_JOB_ARRIVAL 0.0508406127589343 44
272.835548067973 APERIODIC_JOB_ARRIVAL 0.343360063171659 85
274.398103253323 APERIODIC_JOB_ARRIVAL 0.20514378133641 63
275.735398599828 APERIODIC_JOB_ARRIVAL 0.103307875854802 50
277.438834123674 APERIODIC_JOB_ARRIVAL 0.102986113764297 43
277.698649715286 APERIODIC_JOB_ARRIVAL 0.334488408205214 10
277.765777241905 APERIODIC_JOB_ARRIVAL 0.229845435569325 82
277.929547285172 APERIODIC_JOB_ARRIVAL 0.213217291363687 96
278.542999545347 APERIODIC_JOB_ARRIVAL 0.0225025661631354 99
279.348110011182 APERIODIC_JOB_ARRIVAL 0.143585802157051 50
279.73953612373 APERIODIC_JOB_ARRIVAL 0.0117313782011381 25
280.282230698373 APERIODIC_JOB_ARRIVAL 0.0545224508901631 85
281.638032159691 APERIODIC_JOB_ARRIVAL 0.310942104048449 73
281.641082020166 APERIODIC_JOB_ARRIVAL 0.208424957499645 27
283.584457826974 APERIODIC_JOB_ARRIVAL 0.0156966092680932 21
285.901965500103 APERIODIC_JOB_ARRIVAL 0.000164542242101117 81
286.345976813974 APERIODIC_JOB_ARRIVAL 0.159649318210643 21
286.461052873871 APERIODIC_JOB_ARRIVAL 0.173182621123624 90
287.260831161049 APERIODIC_JOB_ARRIVAL 0.023160408377766 83
287.770148067942 APERIODIC_JOB_ARRIVAL 0.00869226398936984 80
289.625108207671 APERIODIC_JOB_ARRIVAL 0.0190642353596085 75
290.813543124595 APERIODIC_JOB_ARRIVAL 0.266069724295005 45
291.717412420256 APERIODIC_JOB_ARRIVAL 0.0302405039353297 56
292.03272538752 APERIODIC_JOB_ARRIVAL 0.0284222179166248 48
292.684191349143 APERIODIC_JOB_ARRIVAL 0.28731311154179 36
293.304898030976 APERIODIC_JOB_ARRIVAL 0.0135983811063261 60
294.579575285494 APERIODIC_JOB_ARRIVAL 0.111371488575469 42
296.065938932009 APERIODIC_JOB_ARRIVAL 0.0772408931674646 72
296.083804501117 APERIODIC_JOB_ARRIVAL 0.039551256688903 30
296.274700826146 APERIODIC_JOB_ARRIVAL 0.299220867762548 38
297.768657292281 APERIODIC_JOB_ARRIVAL 0.0216597182898964 55
300.290755567995 APERIODIC_JOB_ARRIVAL 0.00469429774359937 25
301.641341505917 APERIODIC_JOB_ARRIVAL 0.099655547518665 71
301.929629927825 APERIODIC_JOB_ARRIVAL 0.355314401208586 86
302.720841539007 APERIODIC_JOB_ARRIVAL 0.0345719841929833 14
304.223823059801 APERIODIC_JOB_ARRIVAL 0.0814465070022796 50
304.486187288308 APERIODIC_JOB_ARRIVAL 0.0438685531686374 34
306.632951577645 APERIODIC_JOB_ARRIVAL 0.098784807731396 75
306.813103851732 APERIODIC_JOB_ARRIVAL 0.0266612039550373 17
309.379897046445 APERIODIC_JOB_ARRIVAL 0.162613077226554 96
315.52776099163 APERIODIC_JOB_ARRIVAL 0.0136444558303496 25
316.716306393535 APERIODIC_JOB_ARRIVAL 0.188539073249292 24
316.971341646294 APERIODIC_JOB_ARRIVAL 0.0561474852946565 4
317.778624683861 APERIODIC_JOB_ARRIVAL 0.151766365468581 11
318.884779155168 APERIODIC_JOB_ARRIVAL 0.147718834711266 5
319.579508357157 APERIODIC_JOB_ARRIVAL 0.0081257832616175 78
321.672418095095 APERIODIC_JOB_ARRIVAL 0.211549463225944 44
322.97564345216 APERIODIC_JOB_ARRIVAL 0.146296449476219 5
325.051456110677 APERIODIC_JOB_ARRIVAL 0.0916761591044766 38
326.674135924372 APERIODIC_JOB_ARRIVAL 0.0177593200366227 58
327.614728397379 APERIODIC_JOB_ARRIVAL 0.0786023230095568 14
327.859931323814 APERIODIC_JOB_ARRIVAL 0.00448040209866043 50
328.129138637367 APERIODIC_JOB_ARRIVAL 0.163707362050005 47
328.607236427938 APERIODIC_JOB_ARRIVAL 0.0199247884804123 31
328.93777939587 APERIODIC_JOB_ARRIVAL 0.170199803167629 79
329.784088505931 APERIODIC_JOB_ARRIVAL 0.221365116467852 56
333.551640576497 APERIODIC_JOB_ARRIVAL 0.0821677133793269 76
334.468476135462 APERIODIC_JOB_ARRIVAL 0.0996242129242759 19
334.558200903667 APERIODIC_JOB_ARRIVAL 0.0141311560411572 0
334.804727204192 APERIODIC_JOB_ARRIVAL 0.0362271605727292 63
335.78194308237 APERIODIC_JOB_ARRIVAL 0.0161626035433879 77
339.65503491053 APERIODIC_JOB_ARRIVAL 0.0564082245207958 22
340.756083878559 APERIODIC_JOB_ARRIVAL 0.00536715062018755 2
342.070051622616 APERIODIC_JOB_ARRIVAL 0.174830367342524 1
342.146221959524 APERIODIC_JOB_ARRIVAL 0.0140835120068916 43
347.355812026098 APERIODIC_JOB_ARRIVAL 0.297638738277831 1
347.928851995093 APERIODIC_JOB_ARRIVAL 2.41107189607135e-05 77
349.414348730553 APERIODIC_JOB_ARRIVAL 0.0223220861584218 76
352.27975216299 APERIODIC_JOB_ARRIVAL 0.020188194012603 67
352.535964671222 APERIODIC_JOB_ARRIVAL 0.144767428622651 28
352.922644598456 APERIODIC_JOB_ARRIVAL 1.63502736244701e-05 79
354.375534201481 APERIODIC_JOB_ARRIVAL 0.482227409719679 34
355.303692611604 APERIODIC_JOB_ARRIVAL 0.214266049854119 85
356.142841123122 APERIODIC_JOB_ARRIVAL 0.00793801989850059 13
357.487644565323 APERIODIC_JOB_ARRIVAL 0.0858113841144918 80
359.548662732436 APERIODIC_JOB_ARRIVAL 0.00184010190633238 7
360.571803242784 APERIODIC_JOB_ARRIVAL 0.0344765808246925 53
361.29843755978 APERIODIC_JOB_ARRIVAL 0.0839995902339505 60
361.881742327988 APERIODIC_JOB_ARRIVAL 0.0120624300344275 65
362.814095968389 APERIODIC_JOB_ARRIVAL 0.0394604916705818 10
363.80261226392 APERIODIC_JOB_ARRIVAL 0.129493951822483 60
364.29898154118 APERIODIC_JOB_ARRIVAL 0.0242835436203307 1
364.40120360597 APERIODIC_JOB_ARRIVAL 0.110544492170232 18
364.534151873709 APERIODIC_JOB_ARRIVAL 0.0895069283830192 24
364.735362419607 APERIODIC_JOB_ARRIVAL 0.105852133892166 19
366.331327499927 APERIODIC_JOB_ARRIVAL 0.18448998238407 52
366.402956243607 APERIODIC_JOB_ARRIVAL 0.0408306955934159 44
366.570276299422 APERIODIC_JOB_ARRIVAL 0.0159007433697031 86
366.620057920498 APERIODIC_JOB_ARRIVAL 0.0130115789398426 83
367.747672298152 APERIODIC_JOB_ARRIVAL 0.0411564467448339 0
369.06169930573 APERIODIC_JOB_ARRIVAL 0.213340255181304 73
369.664533252209 APERIODIC_JOB_ARRIVAL 0.0530410191447998 71
370.9994927212 APERIODIC_JOB_ARRIVAL 0.0943788845327718 52
373.679344388528 APERIODIC_JOB_ARRIVAL 0.0263106536416669 39
376.234642433181 APERIODIC_JOB_ARRIVAL 0.0588723238243072 45
377.692632659757 APERIODIC_JOB_ARRIVAL 0.0319981644729519 34
379.075237960437 APERIODIC_JOB_ARRIVAL 0.0891992575886651 60
380.914403737057 APERIODIC_JOB_ARRIVAL 0.179397901171295 38
382.276610914012 APERIODIC_JOB_ARRIVAL 0.0907410038948212 42
382.794037360186 APERIODIC_JOB_ARRIVAL 0.396633267069807 59
384.606487050465 APERIODIC_JOB_ARRIVAL 0.0711666140420948 33
384.956832148018 APERIODIC_JOB_ARRIVAL 0.0492958498586685 71
386.790300449332 APERIODIC_JOB_ARRIVAL 0.0114400906510519 48
388.256437396704 APERIODIC_JOB_ARRIVAL 0.0361951217355586 63
391.637890487144 APERIODIC_JOB_ARRIVAL 0.0317218768634867 89
392.015913234563 APERIODIC_JOB_ARRIVAL 0.102938684713417 75
392.893743192056 APERIODIC_JOB_ARRIVAL 0.0253698515396045 15
393.759124565306 APERIODIC_JOB_ARRIVAL 0.0198115388475036 54
395.14116189368 APERIODIC_JOB_ARRIVAL 0.093355102667402 2
395.510696189358 APERIODIC_JOB_ARRIVAL 0.216159646040427 58
395.765289520689 APERIODIC_JOB_ARRIVAL 0.0200989153641987 6
397.787929805308 APERIODIC_JOB_ARRIVAL 0.12078853890486 87
397.81189299737 APERIODIC_JOB_ARRIVAL 0.00400602973260051 78
397.978071585066 APERIODIC_JOB_ARRIVAL 0.272090678380732 51
397.992689619611 APERIODIC_JOB_ARRIVAL 0.0157828922339668 42
398.591997736157 APERIODIC_JOB_ARRIVAL 0.0194953619035606 5
398.627567197375 APERIODIC_JOB_ARRIVAL 0.0585986417578875 17
399.047475305989 APERIODIC_JOB_ARRIVAL 0.0981682931407139 27
400.138685149829 APERIODIC_JOB_ARRIVAL 0.0894857835379913 12
400.26986805808 APERIODIC_JOB_ARRIVAL 0.0107088653273829 86
400.596637206395 APERIODIC_JOB_ARRIVAL 0.0508452606813332 10
400.940533607202 APERIODIC_JOB_ARRIVAL 0.0216121197645629 99
401.065257036962 APERIODIC_JOB_ARRIVAL 0.0767847790056366 32
401.926730489815 APERIODIC_JOB_ARRIVAL 0.0180334008948747 94
402.684415389945 APERIODIC_JOB_ARRIVAL 0.150507793583712 99
402.920047658977 APERIODIC_JOB_ARRIVAL 0.0698304084325359 64
403.96756000662 APERIODIC_JOB_ARRIVAL 0.17630160865433 7
405.856734713759 APERIODIC_JOB_ARRIVAL 0.391284744156327 62
407.988035881689 APERIODIC_JOB_ARRIVAL 0.0200901562503328 62
407.993955291182 APERIODIC_JOB_ARRIVAL 0.0359873826610121 16
409.013334735315 APERIODIC_JOB_ARRIVAL 0.500477660435443 79
412.761532752607 APERIODIC_JOB_ARRIVAL 0.27928240636216 4
414.071271655241 APERIODIC_JOB_ARRIVAL 0.355728637324345 18
414.272162311109 APERIODIC_JOB_ARRIVAL 0.131857404724374 48
414.326906170511 APERIODIC_JOB_ARRIVAL 0.221149347341343 3
415.207565125049 APERIODIC_JOB_ARRIVAL 0.0890314374644497 8
416.439065330919 APERIODIC_JOB_ARRIVAL 0.149572378012348 45
418.912764350117 APERIODIC_JOB_ARRIVAL 0.273203965305051 14
420.157473971593 APERIODIC_JOB_ARRIVAL 0.111310323110086 27
420.341152206998 APERIODIC_JOB_ARRIVAL 0.011056850414531 34
420.685736900874 APERIODIC_JOB_ARRIVAL 0.0569470153686274 82
420.956060445683 APERIODIC_JOB_ARRIVAL 0.0105127491008576 6
422.53311802965 APERIODIC_JOB_ARRIVAL 0.0233711862090004 63
422.563414403582 APERIODIC_JOB_ARRIVAL 0.171037417726557 1
423.415318085409 APERIODIC_JOB_ARRIVAL 0.0478561136429017 42
424.297070253495 APERIODIC_JOB_ARRIVAL 0.0499592354841756 98
425.662430099876 APERIODIC_JOB_ARRIVAL 0.0409831296359114 94
425.825291838164 APERIODIC_JOB_ARRIVAL 0.0580868788209094 5
426.007370484827 APERIODIC_JOB_ARRIVAL 0.0711328981798595 17
430.022275317534 APERIODIC_JOB_ARRIVAL 0.00770190275088853 53
431.852785118357 APERIODIC_JOB_ARRIVAL 0.211629550339468 71
432.673832596727 APERIODIC_JOB_ARRIVAL 0.0472659362267622 17
433.523319341305 APERIODIC_JOB_ARRIVAL 0.0790376421630646 36
434.367185770813 APERIODIC_JOB_ARRIVAL 0.116137992101159 35
434.397829844129 APERIODIC_JOB_ARRIVAL 0.0768344293704038 33
434.785636017303 APERIODIC_JOB_ARRIVAL 0.116139992438583 41
435.61268289037 APERIODIC_JOB_ARRIVAL 0.24303183556327 63
436.219305484915 APERIODIC_JOB_ARRIVAL 0.0717323517543622 90
436.895565284895 APERIODIC_JOB_ARRIVAL 0.0300907523365416 74
438.248047351734 APERIODIC_JOB_ARRIVAL 0.058845269380728 30
438.426770387251 APERIODIC_JOB_ARRIVAL 0.436474210041864 76
439.037402222901 APERIODIC_JOB_ARRIVAL 0.0634163206260232 12
439.480974362011 APERIODIC_JOB_ARRIVAL 0.171390830698609 3
439.590125816618 APERIODIC_JOB_ARRIVAL 0.158957885997913 18
440.90716428564 APERIODIC_JOB_ARRIVAL 0.0918223648304537 15
442.291299550097 APERIODIC_JOB_ARRIVAL 0.0526153253923064 73
443.180133544253 APERIODIC_JOB_ARRIVAL 0.129613845829816 86
446.179785570407 APERIODIC_JOB_ARRIVAL 0.126362597119791 16
446.603443715761 APERIODIC_JOB_ARRIVAL 0.052769436003349 18
446.893415428961 APERIODIC_JOB_ARRIVAL 0.0177589662626319 97
448.030599251202 APERIODIC_JOB_ARRIVAL 0.114652615364354 61
449.57292146264 APERIODIC_JOB_ARRIVAL 0.0537976244940473 13
449.946662785019 APERIODIC_JOB_ARRIVAL 0.11792083585775 82
450.130386509349 APERIODIC_JOB_ARRIVAL 0.251584209572413 83
450.209626889009 APERIODIC_JOB_ARRIVAL 0.0183025650424891 80
450.211440716803 APERIODIC_JOB_ARRIVAL 0.062395919287142 6
450.242393169149 APERIODIC_JOB_ARRIVAL 0.198158950404511 25
450.416478163279 APERIODIC_JOB_ARRIVAL 0.0444795402441941 55
451.358906083567 APERIODIC_JOB_ARRIVAL 0.112636847627998 20
453.255326696072 APERIODIC_JOB_ARRIVAL 0.0149384169798907 93
454.454089533227 APERIODIC_JOB_ARRIVAL 0.161892229245071 58
454.877989108572 APERIODIC_JOB_ARRIVAL 0.0921171779700706 53
454.968692522277 APERIODIC_JOB_ARRIVAL 0.0709485206642343 17
455.514115634827 APERIODIC_JOB_ARRIVAL 0.00296491326730141 39
456.163174456643 APERIODIC_JOB_ARRIVAL 0.18406908050538 30
457.088326132009 APERIODIC_JOB_ARRIVAL 0.042354861621452 81
457.485019373931 APERIODIC_JOB_ARRIVAL 0.202040950802468 12
458.993484798878 APERIODIC_JOB_ARRIVAL 0.154092473719573 38
460.150597217688 APERIODIC_JOB_ARRIVAL 0.253906597373947 12
460.95124985825 APERIODIC_JOB_ARRIVAL 0.0960287956099236 31
461.578273674096 APERIODIC_JOB_ARRIVAL 0.0406717333431115 76
462.911839817269 APERIODIC_JOB_ARRIVAL 0.244700061645823 15
463.39124106345 APERIODIC_JOB_ARRIVAL 0.0177774719763606 96
463.434301585337 APERIODIC_JOB_ARRIVAL 0.0405506960232279 48
463.581532482866 APERIODIC_JOB_ARRIVAL 0.0860225358948911 66
463.716655031388 APERIODIC_JOB_ARRIVAL 0.144189265729214 72
464.142514700101 APERIODIC_JOB_ARRIVAL 0.124301755529465 47
464.256325088589 APERIODIC_JOB_ARRIVAL 0.0398870157187063 90
464.768462800356 APERIODIC_JOB_ARRIVAL 0.0537290945895846 0
467.747558327717 APERIODIC_JOB_ARRIVAL 0.0423090514755664 53
471.55678971207 APERIODIC_JOB_ARRIVAL 0.0403446012169199 12
474.086397349161 APERIODIC_JOB_ARRIVAL 0.134971046042859 89
475.547343278312 APERIODIC_JOB_ARRIVAL 0.00829898468647323 91
475.972853554893 APERIODIC_JOB_ARRIVAL 0.0303374880263813 55
478.200242550502 APERIODIC_JOB_ARRIVAL 0.177131515263805 88
479.215179411044 APERIODIC_JOB_ARRIVAL 0.0763361776512663 20
480.071338094791 APERIODIC_JOB_ARRIVAL 0.118985960447798 53
480.112279949812 APERIODIC_JOB_ARRIVAL 0.44869754833336 90
480.43541710546 APERIODIC_JOB_ARRIVAL 0.247500982612567 18
482.148745905463 APERIODIC_JOB_ARRIVAL 0.0938812530019324 52
482.348378171951 APERIODIC_JOB_ARRIVAL 0.122607875017898 7
483.396652866106 APERIODIC_JOB_ARRIVAL 0.174082760770111 63
487.369171764733 APERIODIC_JOB_ARRIVAL 0.107507653437685 89
488.230048636788 APERIODIC_JOB_ARRIVAL 0.0329345441464038 41
488.24616940501 APERIODIC_JOB_ARRIVAL 0.00504577468776419 62
488.438969364708 APERIODIC_JOB_ARRIVAL 0.022082527343841 97
488.738014592922 APERIODIC_JOB_ARRIVAL 0.0177477040578387 58
489.75339977715 APERIODIC_JOB_ARRIVAL 0.000120184756270982 8
490.32028119009 APERIODIC_JOB_ARRIVAL 0.0747421342080873 85
492.582574358251 APERIODIC_JOB_ARRIVAL 0.0847661580591949 51
493.856971871211 APERIODIC_JOB_ARRIVAL 0.0826746857114136 89
494.034010554102 APERIODIC_JOB_ARRIVAL 0.487654842191679 48
494.834419063422 APERIODIC_JOB_ARRIVAL 0.204786784314737 3
498.860300446419 APERIODIC_JOB_ARRIVAL 0.324319999691353 82
499.967391674934 APERIODIC_JOB_ARRIVAL 0.198815649714699 86
500.424746794877 APERIODIC_JOB_ARRIVAL 0.343575221883623 94
502.659870396601 APERIODIC_JOB_ARRIVAL 0.078212243215802 74
503.003738922191 APERIODIC_JOB_ARRIVAL 0.00984102358468235 82
503.401431644477 APERIODIC_JOB_ARRIVAL 0.0779007883078711 31
505.192247788262 APERIODIC_JOB_ARRIVAL 0.0446652624875237 63
505.978290592676 APERIODIC_JOB_ARRIVAL 0.0360304243542672 26
506.01650299403 APERIODIC_JOB_ARRIVAL 0.0583224979474511 5
507.363797997379 APERIODIC_JOB_ARRIVAL 0.0223913632034011 78
508.978732739124 APERIODIC_JOB_ARRIVAL 0.0544202254360723 15
510.908561585766 APERIODIC_JOB_ARRIVAL 0.00928241851013631 37
511.401313491055 APERIODIC_JOB_ARRIVAL 0.163601951610907 65
511.618495284515 APERIODIC_JOB_ARRIVAL 0.231224675744982 42
513.041998139839 APERIODIC_JOB_ARRIVAL 0.0248392182855173 47
513.443041239184 APERIODIC_JOB_ARRIVAL 0.106424682313523 50
514.04970024119 APERIODIC_JOB_ARRIVAL 0.148762321262481 42
517.151803540768 APERIODIC_JOB_ARRIVAL 0.00905665488233885 39
517.424966380886 APERIODIC_JOB_ARRIVAL 3.25202726823942e-05 58
517.826919599677 APERIODIC_JOB_ARRIVAL 0.1941051342718 15
518.940151470707 APERIODIC_JOB_ARRIVAL 0.0322798455110653 29
520.672964128933 APERIODIC_JOB_ARRIVAL 0.0378793781819197 38
523.332171212515 APERIODIC_JOB_ARRIVAL 0.0475255013371639 28
524.043615841146 APERIODIC_JOB_ARRIVAL 0.0412201362401732 69
524.27420880932 APERIODIC_JOB_ARRIVAL 0.0696862808765489 56
525.545235775405 APERIODIC_JOB_ARRIVAL 0.025614293021019 94
525.559932799195 APERIODIC_JOB_ARRIVAL 0.158509440744959 69
526.429395867911 APERIODIC_JOB_ARRIVAL 0.134580674425237 90
527.664645707392 APERIODIC_JOB_ARRIVAL 0.172641556511116 37
529.705762600039 APERIODIC_JOB_ARRIVAL 0.0502460753773915 84
529.721579493976 APERIODIC_JOB_ARRIVAL 0.0108932512195518 8
529.748083952356 APERIODIC_JOB_ARRIVAL 0.043222216828019 42
530.579292004623 APERIODIC_JOB_ARRIVAL 0.175558399920348 65
531.331769317584 APERIODIC_JOB_ARRIVAL 0.241259151097626 5
531.881942245728 APERIODIC_JOB_ARRIVAL 0.0631960160259895 0
532.958604066986 APERIODIC_JOB_ARRIVAL 0.0557093610119077 29
534.072079980692 APERIODIC_JOB_ARRIVAL 0.048500430537203 18
534.406368491281 APERIODIC_JOB_ARRIVAL 0.10214992580479 53
537.253547235762 APERIODIC_JOB_ARRIVAL 0.135892871717695 77
538.46659305528 APERIODIC_JOB_ARRIVAL 0.0162420127841558 70
540.117317924483 APERIODIC_JOB_ARRIVAL 0.082603794697391 21
547.004924951757 APERIODIC_JOB_ARRIVAL 0.0334413662540239 52
547.468731472475 APERIODIC_JOB_ARRIVAL 0.0184901000206171 50
547.500891153231 APERIODIC_JOB_ARRIVAL 0.0560343349047659 20
548.68258565436 APERIODIC_JOB_ARRIVAL 0.0630598563449114 50
548.978470165542 APERIODIC_JOB_ARRIVAL 0.0500540379972387 34
551.115868214988 APERIODIC_JOB_ARRIVAL 0.116874730117846 59
552.118720977651 APERIODIC_JOB_ARRIVAL 0.0583011711437043 69
552.186639996826 APERIODIC_JOB_ARRIVAL 0.0579704906641134 41
554.16126719477 APERIODIC_JOB_ARRIVAL 0.0866532520496026 77
555.88649072077 APERIODIC_JOB_ARRIVAL 0.0343056847156433 21
555.934658133925 APERIODIC_JOB_ARRIVAL 0.349491962093741 29
556.382586192436 APERIODIC_JOB_ARRIVAL 0.111984619214192 48
557.018921928594 APERIODIC_JOB_ARRIVAL 0.0187787928178168 0
557.138599013409 APERIODIC_JOB_ARRIVAL 0.104286337793347 37
558.105507725726 APERIODIC_JOB_ARRIVAL 0.0249431219112446 4
561.034353693303 APERIODIC_JOB_ARRIVAL 0.0205433093354351 39
562.536427945241 APERIODIC_JOB_ARRIVAL 0.0836811970162094 73
564.520659335075 APERIODIC_JOB_ARRIVAL 0.269741914406691 88
566.197906073546 APERIODIC_JOB_ARRIVAL 0.267172015908264 45
566.601817299201 APERIODIC_JOB_ARRIVAL 0.0104448762893839 25
568.787376540153 APERIODIC_JOB_ARRIVAL 0.0654489952063734 35
571.530514738295 APERIODIC_JOB_ARRIVAL 0.270147201679391 53
572.353948748861 APERIODIC_JOB_ARRIVAL 0.0107780162861156 43
572.766968984294 APERIODIC_JOB_ARRIVAL 0.0696621101569279 70
573.637826600432 APERIODIC_JOB_ARRIVAL 0.0244300309137206 62
577.008711901912 APERIODIC_JOB_ARRIVAL 0.103943912659392 57
578.459801784423 APERIODIC_JOB_ARRIVAL 0.150816674466849 92
580.33238125768 APERIODIC_JOB_ARRIVAL 0.0999728228543376 34
580.364499601309 APERIODIC_JOB_ARRIVAL 0.0010539258996608 73
581.306900643786 APERIODIC_JOB_ARRIVAL 0.0290540207357348 79
581.92897867284 APERIODIC_JOB_ARRIVAL 0.144116344005366 31
582.642757439909 APERIODIC_JOB_ARRIVAL 0.201689508897692 74
583.002718717104 APERIODIC_JOB_ARRIVAL 0.0384256029517844 10
584.473649346343 APERIODIC_JOB_ARRIVAL 0.164578212625658 30
588.182779326643 APERIODIC_JOB_ARRIVAL 0.017173314476345 26
589.206636983226 APERIODIC_JOB_ARRIVAL 0.250689311059551 10
589.950291353925 APERIODIC_JOB_ARRIVAL 0.164616624907269 6
589.951796117624 APERIODIC_JOB_ARRIVAL 0.0210895547113856 0
590.62616450992 APERIODIC_JOB_ARRIVAL 0.00511148270077589 8
591.150409980269 APERIODIC_JOB_ARRIVAL 0.16321032778496 79
591.226732965705 APERIODIC_JOB_ARRIVAL 0.0811826548155189 55
591.836229491123 APERIODIC_JOB_ARRIVAL 0.122137137271854 39
596.081048999021 APERIODIC_JOB_ARRIVAL 0.0884107726882813 37
596.847634290676 APERIODIC_JOB_ARRIVAL 0.0757761785346495 65
597.259001363581 APERIODIC_JOB_ARRIVAL 0.163177026064575 60
597.748675330678 APERIODIC_JOB_ARRIVAL 0.0451889235085282 52
598.004154147468 APERIODIC_JOB_ARRIVAL 0.0057398144227093 23
599.511170986334 APERIODIC_JOB_ARRIVAL 0.00196566773959868 11
601.048895135103 APERIODIC_JOB_ARRIVAL 0.032065869317814 57
601.818461557956 APERIODIC_JOB_ARRIVAL 0.0212919195117686 96
603.10005779518 APERIODIC_JOB_ARRIVAL 0.0577619029343359 33
604.280953965686 APERIODIC_JOB_ARRIVAL 0.0954583793264322 15
609.1585218384 APERIODIC_JOB_ARRIVAL 0.180790844874523 52
610.147198026509 APERIODIC_JOB_ARRIVAL 0.316026875969697 11
610.202310830346 APERIODIC_JOB_ARRIVAL 0.0270456787787161 5
610.912895101053 APERIODIC_JOB_ARRIVAL 0.0818447972847663 8
611.000635110875 APERIODIC_JOB_ARRIVAL 0.30774929582862 92
612.02601080701 APERIODIC_JOB_ARRIVAL 0.0639345852285862 69
613.505729055218 APERIODIC_JOB_ARRIVAL 0.0148784734904324 81
613.893679637031 APERIODIC_JOB_ARRIVAL 0.00370542199385279 32
615.099095134476 APERIODIC_JOB_ARRIVAL 0.592899762229096 61
616.139413141286 APERIODIC_JOB_ARRIVAL 0.0116536029033605 37
616.560430017425 APERIODIC_JOB_ARRIVAL 0.0454162141619435 96
616.943181249431 APERIODIC_JOB_ARRIVAL 0.226758316111525 41
617.02296376417 APERIODIC_JOB_ARRIVAL 0.0124945055052412 52
617.98230293494 APERIODIC_JOB_ARRIVAL 0.0487172079466734 89
618.053556836978 APERIODIC_JOB_ARRIVAL 0.0304367699175632 12
618.450646228678 APERIODIC_JOB_ARRIVAL 0.169544118320184 50
618.621332695828 APERIODIC_JOB_ARRIVAL 0.381122994722192 96
621.117312990307 APERIODIC_JOB_ARRIVAL 0.0443170742946425 88
622.941895200561 APERIODIC_JOB_ARRIVAL 0.213300530135857 70
624.10970043496 APERIODIC_JOB_ARRIVAL 0.090231950820698 98
625.952293267424 APERIODIC_JOB_ARRIVAL 0.0196696809764626 21
625.969998101725 APERIODIC_JOB_ARRIVAL 0.0299677373120565 54
627.488801910948 APERIODIC_JOB_ARRIVAL 0.37230278232595 36
627.692113826742 APERIODIC_JOB_ARRIVAL 0.0466615872205828 81
628.351348958515 APERIODIC_JOB_ARRIVAL 0.133186654712216 35
628.885864584712 APERIODIC_JOB_ARRIVAL 0.0118849195578373 92
629.445557848854 APERIODIC_JOB_ARRIVAL 0.323236208662214 75
630.564282435178 APERIODIC_JOB_ARRIVAL 0.289628252162512 69
631.493736617705 APERIODIC_JOB_ARRIVAL 0.0642101193585491 36
633.154264580772 APERIODIC_JOB_ARRIVAL 0.0197854946879194 74
636.114233193587 APERIODIC_JOB_ARRIVAL 0.419797163311838 14
636.135465182609 APERIODIC_JOB_ARRIVAL 0.188547833696088 4
636.907291198355 APERIODIC_JOB_ARRIVAL 0.101403044149138 64
637.148269256305 APERIODIC_JOB_ARRIVAL 0.205576560435495 23
637.395838996138 APERIODIC_JOB_ARRIVAL 0.0412766218933071 89
640.646019791717 APERIODIC_JOB_ARRIVAL 0.135720496673129 45
640.854439854026 APERIODIC_JOB_ARRIVAL 0.0644029522872166 59
642.869120464549 APERIODIC_JOB_ARRIVAL 0.0316845861216901 68
643.03369456995 APERIODIC_JOB_ARRIVAL 0.29011720138677 80
644.26192264991 APERIODIC_JOB_ARRIVAL 0.0805970644385797 38
645.149228506208 APERIODIC_JOB_ARRIVAL 0.261386587172181 46
646.399223828358 APERIODIC_JOB_ARRIVAL 0.105006296340337 19
647.24053143045 APERIODIC_JOB_ARRIVAL 0.126513499761407 61
647.669987676157 APERIODIC_JOB_ARRIVAL 0.0097596358274264 20
647.749067124541 APERIODIC_JOB_ARRIVAL 0.261145614862958 12
648.599550402263 APERIODIC_JOB_ARRIVAL 0.0384174907540175 23
648.913312901845 APERIODIC_JOB_ARRIVAL 0.000314760846599138 24
649.469647920653 APERIODIC_JOB_ARRIVAL 0.0358886232707865 22
649.529051591902 APERIODIC_JOB_ARRIVAL 0.0171349560877091 95
649.684969135021 APERIODIC_JOB_ARRIVAL 0.169172059201244 49
650.392669435777 APERIODIC_JOB_ARRIVAL 0.0370112059796469 85
651.07276028764 APERIODIC_JOB_ARRIVAL 0.235025888735766 59
651.323336772717 APERIODIC_JOB_ARRIVAL 0.0524249531502972 62
652.291360641183 APERIODIC_JOB_ARRIVAL 0.173505160827751 69
652.399411520308 APERIODIC_JOB_ARRIVAL 0.242032991209064 61
652.41766104787 APERIODIC_JOB_ARRIVAL 0.0176944239725769 51
654.272485497381 APERIODIC_JOB_ARRIVAL 0.289708735382138 39
656.171838826338 APERIODIC_JOB_ARRIVAL 0.0396636402639915 7
657.402833176336 APERIODIC_JOB_ARRIVAL 0.166921407271634 38
658.286783944386 APERIODIC_JOB_ARRIVAL 0.0639792966136348 69
658.853483468183 APERIODIC_JOB_ARRIVAL 0.0823404466832421 48
660.526405213402 APERIODIC_JOB_ARRIVAL 0.0413483537819111 29
661.074008317996 APERIODIC_JOB_ARRIVAL 0.22228840537678 56
661.162889365817 APERIODIC_JOB_ARRIVAL 0.240941394488085 37
661.721462690221 APERIODIC_JOB_ARRIVAL 0.018513206982532 98
662.446481390054 APERIODIC_JOB_ARRIVAL 0.00672302972500839 93
665.106130620699 APERIODIC_JOB_ARRIVAL 0.226157601013911 60
665.527826519917 APERIODIC_JOB_ARRIVAL 0.0358898554991595 85
668.542711028652 APERIODIC_JOB_ARRIVAL 0.414949254271232 83
669.150477735828 APERIODIC_JOB_ARRIVAL 0.110114171125155 41
670.430215131518 APERIODIC_JOB_ARRIVAL 0.0212941177740677 86
671.454640949508 APERIODIC_JOB_ARRIVAL 0.0221994565062246 13
672.901947785128 APERIODIC_JOB_ARRIVAL 0.0685690173657028 3
673.25701871473 APERIODIC_JOB_ARRIVAL 0.130861640259456 9
674.165727956401 APERIODIC_JOB_ARRIVAL 0.719316030843696 74
674.73349754623 APERIODIC_JOB_ARRIVAL 0.00759465684080845 64
675.600300322973 APERIODIC_JOB_ARRIVAL 0.0769052601671857 91
676.676917959543 APERIODIC_JOB_ARRIVAL 0.0311154279971372 77
677.988131032291 APERIODIC_JOB_ARRIVAL 0.000607345259530333 46
679.594055396333 APERIODIC_JOB_ARRIVAL 0.0268565877786703 87
680.709001030051 APERIODIC_JOB_ARRIVAL 0.183147884345405 37
681.551023162221 APERIODIC_JOB_ARRIVAL 0.0743787171687112 84
684.248010068189 APERIODIC_JOB_ARRIVAL 0.437689829303513 66
684.522685379485 APERIODIC_JOB_ARRIVAL 0.0525508983802098 36
685.142555760073 APERIODIC_JOB_ARRIVAL 0.0795081020683427 44
686.114695498191 APERIODIC_JOB_ARRIVAL 0.29567403410412 95
686.73444373127 APERIODIC_JOB_ARRIVAL 0.0229156735418676 38
688.207389692288 APERIODIC_JOB_ARRIVAL 0.0656187834273382 2
688.444982344532 APERIODIC_JOB_ARRIVAL 0.0141570013679646 80
689.634566894682 APERIODIC_JOB_ARRIVAL 0.0869544201327656 97
691.349884447081 APERIODIC_JOB_ARRIVAL 0.504176175272877 72
692.271968648911 APERIODIC_JOB_ARRIVAL 0.177613669608424 76
692.730926978245 APERIODIC_JOB_ARRIVAL 0.0204918120924865 21
694.01181230553 APERIODIC_JOB_ARRIVAL 0.121998521823265 97
694.459623954492 APERIODIC_JOB_ARRIVAL 0.00508280321034051 2
694.658283307441 APERIODIC_JOB_ARRIVAL 0.108144863516627 88
694.993180773675 APERIODIC_JOB_ARRIVAL 0.0751291314083395 72
695.085333663544 APERIODIC_JOB_ARRIVAL 0.186583882612196 67
695.446221109112 APERIODIC_JOB_ARRIVAL 0.0680257370538864 45
697.731070713913 APERIODIC_JOB_ARRIVAL 0.00767654874494453 76
697.831906201373 APERIODIC_JOB_ARRIVAL 0.321112607544214 93
703.661328168661 APERIODIC_JOB_ARRIVAL 0.0323863921337079 89
705.42414444489 APERIODIC_JOB_ARRIVAL 0.177196733003087 74
706.047132370192 APERIODIC_JOB_ARRIVAL 0.0109388448849236 89
706.603219526402 APERIODIC_JOB_ARRIVAL 0.245758685399126 52
707.179734559379 APERIODIC_JOB_ARRIVAL 0.224107640797635 38
707.683366904902 APERIODIC_JOB_ARRIVAL 0.0554527682246281 5
708.678852788407 APERIODIC_JOB_ARRIVAL 0.105044960977555 41
709.095530255781 APERIODIC_JOB_ARRIVAL 0.0149646774067929 15
709.484132699918 APERIODIC_JOB_ARRIVAL 0.146301752541838 59
709.672230011327 APERIODIC_JOB_ARRIVAL 0.0111750321028154 72
711.626864612558 APERIODIC_JOB_ARRIVAL 0.0215080857160755 4
712.377059304428 APERIODIC_JOB_ARRIVAL 0.0412582414569733 11
714.355022114745 APERIODIC_JOB_ARRIVAL 0.215951087331614 63
715.328666274711 APERIODIC_JOB_ARRIVAL 0.24429704453673 80
715.819452310083 APERIODIC_JOB_ARRIVAL 0.0383287054806844 31
715.968997582916 APERIODIC_JOB_ARRIVAL 0.0784381164781134 78
716.439600340326 APERIODIC_JOB_ARRIVAL 0.0557329891472795 16
717.918087754068 APERIODIC_JOB_ARRIVAL 0.431486187971644 61
718.201134810503 APERIODIC_JOB_ARRIVAL 0.0614116376416009 81
721.517045068952 APERIODIC_JOB_ARRIVAL 0.133104015296599 75
722.009684616036 APERIODIC_JOB_ARRIVAL 0.0963436730076379 63
722.608400349539 APERIODIC_JOB_ARRIVAL 0.228148044992047 4
724.3457375908 APERIODIC_JOB_ARRIVAL 0.197416407413104 33
725.698493854993 APERIODIC_JOB_ARRIVAL 0.405042232742979 50
725.929983215749 APERIODIC_JOB_ARRIVAL 0.0532605997930753 65
725.946327602206 APERIODIC_JOB_ARRIVAL 0.100867475303075 49
727.94954128114 APERIODIC_JOB_ARRIVAL 0.0857660985690459 57
728.402349242344 APERIODIC_JOB_ARRIVAL 0.00790929923326218 27
728.407255371386 APERIODIC_JOB_ARRIVAL 0.0538830457227292 40
729.182306882083 APERIODIC_JOB_ARRIVAL 0.136692892441256 26
729.221990871072 APERIODIC_JOB_ARRIVAL 0.0389196685986577 37
729.963470875746 APERIODIC_JOB_ARRIVAL 0.0389298141069235 4
734.111660507777 APERIODIC_JOB_ARRIVAL 0.0165593342161814 5
734.436782501526 APERIODIC_JOB_ARRIVAL 0.259279148129228 87
735.468275799193 APERIODIC_JOB_ARRIVAL 0.0377746271031916 22
735.469364315041 APERIODIC_JOB_ARRIVAL 0.156135029444123 94
735.674681314377 APERIODIC_JOB_ARRIVAL 0.0337258905083773 45
736.307211930575 APERIODIC_JOB_ARRIVAL 0.0983654008740617 39
737.000781508037 APERIODIC_JOB_ARRIVAL 0.0933460951056401 22
737.335168907805 APERIODIC_JOB_ARRIVAL 0.273879754853293 20
737.618601485498 APERIODIC_JOB_ARRIVAL 0.0964912411628027 74
743.454445571314 APERIODIC_JOB_ARRIVAL 0.278152715795651 5
744.595012966917 APERIODIC_JOB_ARRIVAL 0.0229554577246831 46
745.343129757447 APERIODIC_JOB_ARRIVAL 0.0118521748573976 92
746.345780255626 APERIODIC_JOB_ARRIVAL 0.0879208203421035 35
746.805620354485 APERIODIC_JOB_ARRIVAL 0.0272227509786585 51
747.301639776077 APERIODIC_JOB_ARRIVAL 0.00982682411358965 17
747.344945192314 APERIODIC_JOB_ARRIVAL 0.00227487083118947 10
748.664817106063 APERIODIC_JOB_ARRIVAL 0.097308681910388 86
749.723868772603 APERIODIC_JOB_ARRIVAL 0.132526847109476 3
749.853107678001 APERIODIC_JOB_ARRIVAL 0.0597830306533126 25
750.633801335262 APERIODIC_JOB_ARRIVAL 0.119099415573401 97
751.699127165891 APERIODIC_JOB_ARRIVAL 0.0161476822665719 77
752.654168110677 APERIODIC_JOB_ARRIVAL 0.0188904674878879 36
752.675333066709 APERIODIC_JOB_ARRIVAL 0.11013340887023 66
752.879961856168 APERIODIC_JOB_ARRIVAL 0.0061208824524212 90
753.825648480327 APERIODIC_JOB_ARRIVAL 0.309256412070799 24
754.005481779588 APERIODIC_JOB_ARRIVAL 0.0866592333297647 61
754.602414062968 APERIODIC_JOB_ARRIVAL 0.0448814654967687 0
754.857159222873 APERIODIC_JOB_ARRIVAL 0.102102910926348 68
755.355360951506 APERIODIC_JOB_ARRIVAL 0.0925986134313128 80
756.075703203062 APERIODIC_JOB_ARRIVAL 0.397068163246619 51
757.236064375487 APERIODIC_JOB_ARRIVAL 0.0384713168867807 11
758.085476769488 APERIODIC_JOB_ARRIVAL 0.0443806100025654 21
759.259434351344 APERIODIC_JOB_ARRIVAL 0.393908090631489 82
759.278108336093 APERIODIC_JOB_ARRIVAL 0.0826001132528026 54
762.302486819176 APERIODIC_JOB_ARRIVAL 0.0432261442050077 75
762.304126696978 APERIODIC_JOB_ARRIVAL 0.148266457616519 63
764.113329636554 APERIODIC_JOB_ARRIVAL 0.0379139251996796 60
765.113995845716 APERIODIC_JOB_ARRIVAL 0.145352962866546 1
765.241259968801 APERIODIC_JOB_ARRIVAL 0.024483711727696 91
768.348567474413 APERIODIC_JOB_ARRIVAL 0.0683893708120788 61
770.937939529362 APERIODIC_JOB_ARRIVAL 0.00068336935936154 90
771.122055966648 APERIODIC_JOB_ARRIVAL 0.0332647229328249 80
773.143207995127 APERIODIC_JOB_ARRIVAL 0.0281747049768847 38
777.538760917496 APERIODIC_JOB_ARRIVAL 0.185867699239683 12
777.962656987377 APERIODIC_JOB_ARRIVAL 0.0229103564266789 76
778.201546147249 APERIODIC_JOB_ARRIVAL 0.17796525571143 85
778.723052065444 APERIODIC_JOB_ARRIVAL 0.232949938822451 8
780.393590164054 APERIODIC_JOB_ARRIVAL 0.0100361620761338 32
780.746450243676 APERIODIC_JOB_ARRIVAL 0.0751078499713557 47
781.42304387789 APERIODIC_JOB_ARRIVAL 0.00550489805813153 36
782.100107019052 APERIODIC_JOB_ARRIVAL 0.0622946363473013 52
783.245742735328 APERIODIC_JOB_ARRIVAL 0.347593685905857 38
783.354011551913 APERIODIC_JOB_ARRIVAL 0.0482841800712536 80
785.025934742199 APERIODIC_JOB_ARRIVAL 0.126909076632598 74
785.046442805712 APERIODIC_JOB_ARRIVAL 0.00130536016845711 2
785.656261521273 APERIODIC_JOB_ARRIVAL 0.0255876782729191 78
787.983295445984 APERIODIC_JOB_ARRIVAL 0.020397513482581 40
788.422661803009 APERIODIC_JOB_ARRIVAL 0.153674364102883 4
788.685736041956 APERIODIC_JOB_ARRIVAL 0.0389143659283198 76
788.840829192587 APERIODIC_JOB_ARRIVAL 0.0625894550974084 46
790.08975898174 APERIODIC_JOB_ARRIVAL 0.0398131326070496 82
790.207791396684 APERIODIC_JOB_ARRIVAL 0.115630572139446 74
790.635697479516 APERIODIC_JOB_ARRIVAL 0.11441902640499 51
790.665196845054 APERIODIC_JOB_ARRIVAL 0.0492412778966598 61
792.275744668024 APERIODIC_JOB_ARRIVAL 0.00216728210856592 45
793.134236883395 APERIODIC_JOB_ARRIVAL 0.0694102887927852 32
793.621042960897 APERIODIC_JOB_ARRIVAL 0.0706595914754185 30
794.619551439221 APERIODIC_JOB_ARRIVAL 0.284837545145457 9
796.894814391421 APERIODIC_JOB_ARRIVAL 0.0067944304827593 13
797.674415586903 APERIODIC_JOB_ARRIVAL 0.0549651689267162 93
799.582107112856 APERIODIC_JOB_ARRIVAL 0.0733376353653353 81
800.846413213502 APERIODIC_JOB_ARRIVAL 0.200507152433599 43
804.304733330884 APERIODIC_JOB_ARRIVAL 0.0498699469285264 24
806.028255499504 APERIODIC_JOB_ARRIVAL 0.0171130811926566 10
806.20286885716 APERIODIC_JOB_ARRIVAL 0.0648027513781186 22
806.778223622158 APERIODIC_JOB_ARRIVAL 0.0313408805088613 39
810.312883001995 APERIODIC_JOB_ARRIVAL 0.0830122427327622 47
810.484177551888 APERIODIC_JOB_ARRIVAL 0.0886708452264785 24
811.864473200416 APERIODIC_JOB_ARRIVAL 0.178409571672271 44
812.252972508638 APERIODIC_JOB_ARRIVAL 0.230389862265288 29
812.809007749257 APERIODIC_JOB_ARRIVAL 0.09048127521693 71
813.092337892541 APERIODIC_JOB_ARRIVAL 0.0234253492743 90
813.286403128311 APERIODIC_JOB_ARRIVAL 0.041862800615953 90
813.786279018584 APERIODIC_JOB_ARRIVAL 0.156992475712011 7
814.625288971571 APERIODIC_JOB_ARRIVAL 0.0384417799444635 3
817.179750457222 APERIODIC_JOB_ARRIVAL 0.0588480916579269 87
819.083830674252 APERIODIC_JOB_ARRIVAL 0.0628965957485172 19
819.096448788443 APERIODIC_JOB_ARRIVAL 0.386155406690967 78
819.533994198729 APERIODIC_JOB_ARRIVAL 0.00805341574332243 60
821.897336702526 APERIODIC_JOB_ARRIVAL 0.00977037229701712 7
822.559061490859 APERIODIC_JOB_ARRIVAL 0.0646248213850536 30
822.891860206178 APERIODIC_JOB_ARRIVAL 0.250991743867882 51
824.505303248624 APERIODIC_JOB_ARRIVAL 0.179379595622945 49
824.890821436025 APERIODIC_JOB_ARRIVAL 0.114337505356317 16
827.83783216863 APERIODIC_JOB_ARRIVAL 0.0607136215959773 20
830.045293369619 APERIODIC_JOB_ARRIVAL 0.0212583881591414 14
831.571553574983 APERIODIC_JOB_ARRIVAL 0.164268264176804 7
831.838008863094 APERIODIC_JOB_ARRIVAL 0.0865846293604327 71
833.70690633349 APERIODIC_JOB_ARRIVAL 0.234812197030614 17
833.85643114211 APERIODIC_JOB_ARRIVAL 0.292276435380983 3
835.516776753235 APERIODIC_JOB_ARRIVAL 0.0616764603214745 73
838.895926330749 APERIODIC_JOB_ARRIVAL 0.0232248580228807 71
840.894672777811 APERIODIC_JOB_ARRIVAL 0.0414741866279641 34
842.10328363784 APERIODIC_JOB_ARRIVAL 0.055644239551565 83
842.296895050627 APERIODIC_JOB_ARRIVAL 0.0153207421605901 56
843.319356890641 APERIODIC_JOB_ARRIVAL 0.107119739954402 59
844.92592269385 APERIODIC_JOB_ARRIVAL 0.0273783888577922 43
845.092752921852 APERIODIC_JOB_ARRIVAL 0.137980427612131 93
845.603768736616 APERIODIC_JOB_ARRIVAL 0.173472200917147 90
846.60694811803 APERIODIC_JOB_ARRIVAL 0.0680389764838441 16
846.708096675468 APERIODIC_JOB_ARRIVAL 0.187363536698699 18
848.412538198363 APERIODIC_JOB_ARRIVAL 0.22734355863433 37
852.642958390583 APERIODIC_JOB_ARRIVAL 0.0352922095596524 32
852.65170120892 APERIODIC_JOB_ARRIVAL 0.0516134959371909 34
854.093029619191 APERIODIC_JOB_ARRIVAL 0.116897973157163 13
855.260281551815 APERIODIC_JOB_ARRIVAL 0.11956742781556 42
855.501597259634 APERIODIC_JOB_ARRIVAL 0.153255477045315 13
857.476784314804 APERIODIC_JOB_ARRIVAL 0.142541853203268 88
858.491357483305 APERIODIC_JOB_ARRIVAL 0.0360800629377116 21
858.894262419086 APERIODIC_JOB_ARRIVAL 0.0270089437995542 54
863.858658736093 APERIODIC_JOB_ARRIVAL 0.0267646723136834 31
864.89390322808 APERIODIC_JOB_ARRIVAL 0.00032457754795288 46
865.109633982366 APERIODIC_JOB_ARRIVAL 0.0545342663437603 89
866.047208361451 APERIODIC_JOB_ARRIVAL 0.280304072707966 42
867.07900217434 APERIODIC_JOB_ARRIVAL 0.108076774854141 91
867.14678316126 APERIODIC_JOB_ARRIVAL 0.0071099622513739 54
867.669757986422 APERIODIC_JOB_ARRIVAL 0.300925837190727 23
869.721255862358 APERIODIC_JOB_ARRIVAL 0.0188003594489126 14
869.745129235545 APERIODIC_JOB_ARRIVAL 0.0871273796770154 51
873.121069265962 APERIODIC_JOB_ARRIVAL 0.20644495574107 6
873.940573450925 APERIODIC_JOB_ARRIVAL 0.035584432958426 76
876.474958817018 APERIODIC_JOB_ARRIVAL 0.223876513525942 65
877.021857968969 APERIODIC_JOB_ARRIVAL 0.0193033504779933 0
878.722459808585 APERIODIC_JOB_ARRIVAL 0.0150492543690511 35
879.232694397924 APERIODIC_JOB_ARRIVAL 0.00625196560207809 90
879.92979314503 APERIODIC_JOB_ARRIVAL 0.0702040660483478 92
880.356982074641 APERIODIC_JOB_ARRIVAL 0.237437467236977 65
883.992226703719 APERIODIC_JOB_ARRIVAL 0.0803223780973808 43
885.010521126739 APERIODIC_JOB_ARRIVAL 0.157412276144959 69
885.619360456972 APERIODIC_JOB_ARRIVAL 0.0913685174414218 81
886.542413151179 APERIODIC_JOB_ARRIVAL 0.0409492479658678 42
887.781114181136 APERIODIC_JOB_ARRIVAL 0.0569262356702783 22
888.376132547818 APERIODIC_JOB_ARRIVAL 0.0690340089052609 10
889.998890703696 APERIODIC_JOB_ARRIVAL 0.24749432465365 39
891.892336477228 APERIODIC_JOB_ARRIVAL 0.0598957669127212 96
892.258102762762 APERIODIC_JOB_ARRIVAL 0.165377311488286 75
892.789208514124 APERIODIC_JOB_ARRIVAL 0.0798647345049979 18
892.85467481693 APERIODIC_JOB_ARRIVAL 0.0326868415018082 62
893.329966472422 APERIODIC_JOB_ARRIVAL 0.02474578836322 88
897.274639747832 APERIODIC_JOB_ARRIVAL 0.174301312742999 44
897.552577110187 APERIODIC_JOB_ARRIVAL 0.0158112241321195 36
901.951059026019 APERIODIC_JOB_ARRIVAL 0.171780566740267 66
903.486206672378 APERIODIC_JOB_ARRIVAL 0.0153392666846051 54
904.012625647787 APERIODIC_JOB_ARRIVAL 0.0150304886109302 53
904.806454347728 APERIODIC_JOB_ARRIVAL 0.298530245947205 94
905.615304793525 APERIODIC_JOB_ARRIVAL 0.0275896730720479 91
908.131576166816 APERIODIC_JOB_ARRIVAL 0.0467960645284452 57
909.756629619906 APERIODIC_JOB_ARRIVAL 0.240841593563304 39
913.633826268847 APERIODIC_JOB_ARRIVAL 0.0397827796271158 58
914.743804115458 APERIODIC_JOB_ARRIVAL 0.0330841711784909 43
915.952734996317 APERIODIC_JOB_ARRIVAL 0.0695519294789453 34
916.080160677256 APERIODIC_JOB_ARRIVAL 0.090815963278589 73
916.374659088934 APERIODIC_JOB_ARRIVAL 0.100205131378569 35
916.849024897849 APERIODIC_JOB_ARRIVAL 0.465327956917718 23
917.079117015155 APERIODIC_JOB_ARRIVAL 0.0361104369532945 37
919.673408268237 APERIODIC_JOB_ARRIVAL 0.148440058638742 49
921.235589590461 APERIODIC_JOB_ARRIVAL 0.0161012768389679 95
922.223637237898 APERIODIC_JOB_ARRIVAL 0.129123190014207 82
924.12626823182 APERIODIC_JOB_ARRIVAL 0.141766793257176 92
925.354605520129 APERIODIC_JOB_ARRIVAL 0.0981892308929838 47
925.361694826013 APERIODIC_JOB_ARRIVAL 0.164453989941266 23
926.743464171387 APERIODIC_JOB_ARRIVAL 0.0186160040882853 60
927.510007926724 APERIODIC_JOB_ARRIVAL 0.0282764795074106 78
927.574626151751 APERIODIC_JOB_ARRIVAL 0.141762593365108 39
929.349044987843 APERIODIC_JOB_ARRIVAL 0.0493321583656941 59
930.457970119357 APERIODIC_JOB_ARRIVAL 0.301581326167287 74
930.628826150628 APERIODIC_JOB_ARRIVAL 0.0333978949665656 45
930.808525636952 APERIODIC_JOB_ARRIVAL 0.0425747270752456 88
931.32251303382 APERIODIC_JOB_ARRIVAL 0.182126432809389 18
932.61171785386 APERIODIC_JOB_ARRIVAL 0.121702865666894 24
932.792079092759 APERIODIC_JOB_ARRIVAL 0.0248184412936678 12
933.039544488574 APERIODIC_JOB_ARRIVAL 0.0807458875774972 4
934.12501008769 APERIODIC_JOB_ARRIVAL 0.0463896925193089 38
934.765952158673 APERIODIC_JOB_ARRIVAL 0.116931469427544 90
935.625037908791 APERIODIC_JOB_ARRIVAL 0.0192912944087508 57
935.965687730611 APERIODIC_JOB_ARRIVAL 0.0632964546999102 57
936.151529336292 APERIODIC_JOB_ARRIVAL 0.0544280159351268 45
936.737305971789 APERIODIC_JOB_ARRIVAL 0.0307730926189839 60
937.063701075425 APERIODIC_JOB_ARRIVAL 0.00366605441511789 86
938.993219065359 APERIODIC_JOB_ARRIVAL 0.110076442528237 26
939.387866982768 APERIODIC_JOB_ARRIVAL 0.268863280263664 2
943.098144802563 APERIODIC_JOB_ARRIVAL 0.118631910562002 59
943.635522545481 APERIODIC_JOB_ARRIVAL 0.0851377727406547 19
945.52787925429 APERIODIC_JOB_ARRIVAL 0.142998628514921 54
945.620198561756 APERIODIC_JOB_ARRIVAL 0.0409441453054853 22
946.351690314568 APERIODIC_JOB_ARRIVAL 0.269873359758198 94
946.621042502623 APERIODIC_JOB_ARRIVAL 0.144110202801896 14
947.449219231987 APERIODIC_JOB_ARRIVAL 0.00706306154232944 87
947.710938071778 APERIODIC_JOB_ARRIVAL 0.0550753011691677 39
948.909412328522 APERIODIC_JOB_ARRIVAL 0.0134246716396731 4
951.650813813009 APERIODIC_JOB_ARRIVAL 0.00672768592699877 28
953.798601740143 APERIODIC_JOB_ARRIVAL 0.146597108245515 79
954.184828794571 APERIODIC_JOB_ARRIVAL 0.0925206049133277 55
954.560109235872 APERIODIC_JOB_ARRIVAL 0.110708535871653 24
956.177756023426 APERIODIC_JOB_ARRIVAL 0.184651027719969 70
957.325324381764 APERIODIC_JOB_ARRIVAL 0.0883494762690096 49
958.709926572389 APERIODIC_JOB_ARRIVAL 0.0474490069387238 54
958.807754175087 APERIODIC_JOB_ARRIVAL 0.123032078085174 83
959.183160001179 APERIODIC_JOB_ARRIVAL 0.0298059695787854 15
961.610363852652 APERIODIC_JOB_ARRIVAL 0.0246248144765342 76
962.177056968189 APERIODIC_JOB_ARRIVAL 0.072468438495396 63
963.023698638148 APERIODIC_JOB_ARRIVAL 0.392528254339372 27
964.614524857254 APERIODIC_JOB_ARRIVAL 0.172716409031021 95
964.619022795487 APERIODIC_JOB_ARRIVAL 0.0445789861080604 59
964.802705842068 APERIODIC_JOB_ARRIVAL 0.0285500083573061 96
966.28253152528 APERIODIC_JOB_ARRIVAL 0.256293504939111 64
967.831874218099 APERIODIC_JOB_ARRIVAL 0.0442932149325862 98
968.800587061821 APERIODIC_JOB_ARRIVAL 0.0313431842267844 35
968.914853336123 APERIODIC_JOB_ARRIVAL 0.201087574587316 85
969.964089558035 APERIODIC_JOB_ARRIVAL 0.212723365337517 1
970.441643383026 APERIODIC_JOB_ARRIVAL 0.0571046724524362 87
971.132712863969 APERIODIC_JOB_ARRIVAL 0.049165446795543 45
971.565990962014 APERIODIC_JOB_ARRIVAL 0.0471044817302657 10
971.824237289079 APERIODIC_JOB_ARRIVAL 0.0251757207746032 49
972.65564418718 APERIODIC_JOB_ARRIVAL 0.0435279471607165 36
973.008633964264 APERIODIC_JOB_ARRIVAL 0.0859066513350686 37
973.38721511066 APERIODIC_JOB_ARRIVAL 0.0483642414443228 93
973.766116774658 APERIODIC_JOB_ARRIVAL 0.00445614527387199 84
976.14227561123 APERIODIC_JOB_ARRIVAL 0.0631858505375243 86
977.433940337898 APERIODIC_JOB_ARRIVAL 0.00152433490846835 4
977.779611647602 APERIODIC_JOB_ARRIVAL 0.00844892980821873 16
978.279403031238 APERIODIC_JOB_ARRIVAL 0.00117582548367576 3
979.887796146106 APERIODIC_JOB_ARRIVAL 0.0141160470365821 27
979.960933211391 APERIODIC_JOB_ARRIVAL 0.174853841191075 37
980.548947785775 APERIODIC_JOB_ARRIVAL 0.01595697081801 24
982.427833940334 APERIODIC_JOB_ARRIVAL 0.135752542006444 13
982.490490067397 APERIODIC_JOB_ARRIVAL 0.106421360839895 87
982.912790722114 APERIODIC_JOB_ARRIVAL 0.210693766377185 0
983.426491617114 APERIODIC_JOB_ARRIVAL 0.077808725308145 50
983.599191284666 APERIODIC_JOB_ARRIVAL 0.228481180336976 66
984.950267149446 APERIODIC_JOB_ARRIVAL 0.100359736435644 71
986.289561297649 APERIODIC_JOB_ARRIVAL 0.020350402212825 39
987.409768767014 APERIODIC_JOB_ARRIVAL 0.073528715497564 84
989.977872131289 APERIODIC_JOB_ARRIVAL 0.34967749122122 22
991.203312678198 APERIODIC_JOB_ARRIVAL 0.0782076565065084 25
993.546158185419 APERIODIC_JOB_ARRIVAL 0.106211773412598 24
993.769783799689 APERIODIC_JOB_ARRIVAL 0.184808069792477 50
994.922656496368 APERIODIC_JOB_ARRIVAL 0.0606474871707598 61
996.813371510814 APERIODIC_JOB_ARRIVAL 0.201709175365482 85
998.140518890064 APERIODIC_JOB_ARRIVAL 0.18687191143019 8
998.993716832373 APERIODIC_JOB_ARRIVAL 0.202808444763891 95
999.727624978281 APERIODIC_JOB_ARRIVAL 0.18349977751103 80
1000.84517281974 APERIODIC_JOB_ARRIVAL 0.00602971980937701 38
