0.295008847756301 APERIODIC_JOB_ARRIVAL 0.535447767601534 35
2.49246591011762 APERIODIC_JOB_ARRIVAL 0.430973534685641 62
5.0044004917393 APERIODIC_JOB_ARRIVAL 0.0774850947512693 51
5.69995171530821 APERIODIC_JOB_ARRIVAL 0.368221229475217 61
6.0698386338407 APERIODIC_JOB_ARRIVAL 0.0904050901721846 38
6.8400832225315 APERIODIC_JOB_ARRIVAL 0.274403899842444 90
7.46749367335771 APERIODIC_JOB_ARRIVAL 1.8269507397009 83
7.7291025692364 APERIODIC_JOB_ARRIVAL 0.254466695953271 76
7.82469676050227 APERIODIC_JOB_ARRIVAL 0.357303078856561 98
8.44833700692875 APERIODIC_JOB_ARRIVAL 0.34989363258612 53
9.27470130531924 APERIODIC_JOB_ARRIVAL 0.525372342300595 43
9.35599576156551 APERIODIC_JOB_ARRIVAL 1.40345263797776 42
9.50694179566492 APERIODIC_JOB_ARRIVAL 0.0142048881226496 81
9.67075129313377 APERIODIC_JOB_ARRIVAL 0.689406567896863 21
11.2516717008884 APERIODIC_JOB_ARRIVAL 1.16769750362668 20
12.4494308217971 APERIODIC_JOB_ARRIVAL 0.158394154296331 69
15.3426575258937 APERIODIC_JOB_ARRIVAL 0.647383278676 76
16.5813204937011 APERIODIC_JOB_ARRIVAL 0.284819085223677 11
16.7377691321639 APERIODIC_JOB_ARRIVAL 0.76600513514135 71
16.9587519579828 APERIODIC_JOB_ARRIVAL 0.101151411749374 20
18.5020068285962 APERIODIC_JOB_ARRIVAL 1.21105388239234 40
19.0868841530681 APERIODIC_JOB_ARRIVAL 0.322383226650749 55
19.2329264034625 APERIODIC_JOB_ARRIVAL 0.0345888935982707 84
21.2064963427235 APERIODIC_JOB_ARRIVAL 0.303976508717678 83
21.8619244522548 APERIODIC_JOB_ARRIVAL 0.612943631826194 90
23.0298217764142 APERIODIC_JOB_ARRIVAL 0.387497662226065 34
24.684057697275 APERIODIC_JOB_ARRIVAL 0.99881973480754 44
26.069522439471 APERIODIC_JOB_ARRIVAL 0.309937420635741 70
28.7295861459574 APERIODIC_JOB_ARRIVAL 0.342310432671113 99
28.9367675454146 APERIODIC_JOB_ARRIVAL 0.0293174480680144 83
29.3117892906059 APERIODIC_JOB_ARRIVAL 0.628079167972219 2
30.6570451903692 APERIODIC_JOB_ARRIVAL 2.27705815458066 18
31.1364369986988 APERIODIC_JOB_ARRIVAL 0.450462411984541 78
31.852855579327 APERIODIC_JOB_ARRIVAL 0.30812756560033 65
33.3161156095334 APERIODIC_JOB_ARRIVAL 0.0874700922045442 15
34.3784934332482 APERIODIC_JOB_ARRIVAL 0.241005952602259 58
36.3090953502555 APERIODIC_JOB_ARRIVAL 0.274666660121024 30
38.1735004088446 APERIODIC_JOB_ARRIVAL 0.700757156385429 29
38.24730725029 APERIODIC_JOB_ARRIVAL 0.769989981995088 70
38.4469123278851 APERIODIC_JOB_ARRIVAL 0.128426244843159 55
38.9346446369896 APERIODIC_JOB_ARRIVAL 0.0975293387879573 2
39.4117319876063 APERIODIC_JOB_ARRIVAL 0.688094520253972 40
39.8967175333209 APERIODIC_JOB_ARRIVAL 1.13677796038365 79
39.9565103354545 APERIODIC_JOB_ARRIVAL 1.03554318713045 54
40.5671510103138 APERIODIC_JOB_ARRIVAL 0.243745584693203 89
40.5797341780018 APERIODIC_JOB_ARRIVAL 1.66818258127593 25
40.8829226550686 APERIODIC_JOB_ARRIVAL 0.258827501517574 91
42.1473306810777 APERIODIC_JOB_ARRIVAL 0.0915477872221501 87
42.6382811906339 APERIODIC_JOB_ARRIVAL 1.2007954290352 52
43.9619554659174 APERIODIC_JOB_ARRIVAL 0.267961092083137 20
44.8931995275495 APERIODIC_JOB_ARRIVAL 0.0540609867067503 51
44.9666534284887 APERIODIC_JOB_ARRIVAL 0.672037883573366 69
45.42974366399 APERIODIC_JOB_ARRIVAL 0.760717203796603 82
45.5991269911448 APERIODIC_JOB_ARRIVAL 0.0239529465385637 2
45.6499138025181 APERIODIC_JOB_ARRIVAL 0.25434348818529 85
46.3339018875706 APERIODIC_JOB_ARRIVAL 0.149262633950354 72
46.8287384373239 APERIODIC_JOB_ARRIVAL 1.0191604512528 40
46.8865090192656 APERIODIC_JOB_ARRIVAL 0.783157622036195 95
48.4874416862818 APERIODIC_JOB_ARRIVAL 0.42775167430622 93
48.8240250756758 APERIODIC_JOB_ARRIVAL 1.49095911411907 36
49.3497996435225 APERIODIC_JOB_ARRIVAL 0.500622718040208 74
50.1500457947805 APERIODIC_JOB_ARRIVAL 0.580589969192424 96
50.9392691050072 APERIODIC_JOB_ARRIVAL 1.85148222557239 83
53.0477720194167 APERIODIC_JOB_ARRIVAL 0.525103217396378 46
55.5103096905257 APERIODIC_JOB_ARRIVAL 0.153486712951326 48
56.4596847690666 APERIODIC_JOB_ARRIVAL 0.468299157430454 29
57.6967943418758 APERIODIC_JOB_ARRIVAL 2.53144777448553 94
57.7567375095762 APERIODIC_JOB_ARRIVAL 0.403824745479645 71
58.0669346288817 APERIODIC_JOB_ARRIVAL 0.143458189369383 42
58.1662859079443 APERIODIC_JOB_ARRIVAL 0.490470843396922 37
62.9266006629425 APERIODIC_JOB_ARRIVAL 0.307052596771286 2
63.0162296373087 APERIODIC_JOB_ARRIVAL 0.549390721916949 52
63.2105494385338 APERIODIC_JOB_ARRIVAL 0.8128712088321 75
63.4204432619187 APERIODIC_JOB_ARRIVAL 0.00215042650507476 57
63.5213087384655 APERIODIC_JOB_ARRIVAL 1.53196559317853 30
63.8426569601741 APERIODIC_JOB_ARRIVAL 0.884952622579628 83
64.0498484813544 APERIODIC_JOB_ARRIVAL 0.934512419430623 14
64.573459232114 APERIODIC_JOB_ARRIVAL 0.17633802354634 63
65.0597585346751 APERIODIC_JOB_ARRIVAL 0.697577697349331 47
68.3513854937012 APERIODIC_JOB_ARRIVAL 1.81721631653872 52
68.4608264117023 APERIODIC_JOB_ARRIVAL 0.0226724332827523 7
69.3799949668508 APERIODIC_JOB_ARRIVAL 1.06664057217968 72
69.6807116234429 APERIODIC_JOB_ARRIVAL 0.297142281405357 49
69.7800525713462 APERIODIC_JOB_ARRIVAL 0.0169722710341045 24
69.8201360944801 APERIODIC_JOB_ARRIVAL 0.0366986318307371 46
70.3205475375884 APERIODIC_JOB_ARRIVAL 0.602734809469013 95
70.5303011122244 APERIODIC_JOB_ARRIVAL 1.23438570412466 4
71.9106063612697 APERIODIC_JOB_ARRIVAL 0.600522576692946 43
71.9338870995032 APERIODIC_JOB_ARRIVAL 0.392307702675916 93
72.6939715177721 APERIODIC_JOB_ARRIVAL 0.790734225858396 67
73.4279711116048 APERIODIC_JOB_ARRIVAL 0.0436622594213473 61
75.6346198520672 APERIODIC_JOB_ARRIVAL 1.09519932126654 91
75.6417725430058 APERIODIC_JOB_ARRIVAL 0.0962349059061761 20
75.8357298715627 APERIODIC_JOB_ARRIVAL 0.389607927210221 62
76.5319868524169 APERIODIC_JOB_ARRIVAL 0.00839572145839487 99
77.1072056943002 APERIODIC_JOB_ARRIVAL 0.346682530545092 86
77.9973090626241 APERIODIC_JOB_ARRIVAL 0.257502158705773 18
82.394038690748 APERIODIC_JOB_ARRIVAL 0.184337408878789 99
82.8569843976953 APERIODIC_JOB_ARRIVAL 0.0224150538671726 30
83.3201597704332 APERIODIC_JOB_ARRIVAL 0.548875671846459 29
85.1443468934805 APERIODIC_JOB_ARRIVAL 0.159799547788189 68
85.2265078770452 APERIODIC_JOB_ARRIVAL 0.321910663203486 45
86.9931536182766 APERIODIC_JOB_ARRIVAL 0.08678933093291 55
87.0947617583838 APERIODIC_JOB_ARRIVAL 0.192519107564247 17
87.4230151199796 APERIODIC_JOB_ARRIVAL 0.399319199712723 83
87.9420000803277 APERIODIC_JOB_ARRIVAL 0.357400902941257 10
89.7777749996504 APERIODIC_JOB_ARRIVAL 0.445088122382841 0
90.7448636067197 APERIODIC_JOB_ARRIVAL 0.342084284731326 95
91.1826228033229 APERIODIC_JOB_ARRIVAL 1.26940024004865 49
91.2524713076168 APERIODIC_JOB_ARRIVAL 2.56249234553445 89
91.6845462614978 APERIODIC_JOB_ARRIVAL 0.203574208607923 73
91.9601199654485 APERIODIC_JOB_ARRIVAL 0.201989078971437 14
92.7120640385269 APERIODIC_JOB_ARRIVAL 0.959088161227543 49
92.9599214650605 APERIODIC_JOB_ARRIVAL 0.055677925903082 13
93.3434148803415 APERIODIC_JOB_ARRIVAL 0.478919659356347 96
94.0811212845213 APERIODIC_JOB_ARRIVAL 0.147331552037641 70
95.1757113691484 APERIODIC_JOB_ARRIVAL 1.6782009768599 50
96.9085874492858 APERIODIC_JOB_ARRIVAL 0.16290865226205 21
97.2742640423833 APERIODIC_JOB_ARRIVAL 0.350226357398612 98
97.4045793068324 APERIODIC_JOB_ARRIVAL 0.196294734421204 15
97.7998346520322 APERIODIC_JOB_ARRIVAL 1.10843535296661 11
98.3531469106159 APERIODIC_JOB_ARRIVAL 0.162659758012235 27
100.266015842576 APERIODIC_JOB_ARRIVAL 0.400069853244602 79
101.952080632683 APERIODIC_JOB_ARRIVAL 0.104458706496357 49
102.304168374671 APERIODIC_JOB_ARRIVAL 0.24817218045331 77
102.755189700062 APERIODIC_JOB_ARRIVAL 0.0287912442165469 39
105.020852358106 APERIODIC_JOB_ARRIVAL 0.0328909626502696 69
105.795402211198 APERIODIC_JOB_ARRIVAL 0.35074553146129 31
107.757531060978 APERIODIC_JOB_ARRIVAL 2.16237743687327 87
108.303036579927 APERIODIC_JOB_ARRIVAL 0.151557093747786 27
109.458825602879 APERIODIC_JOB_ARRIVAL 0.469301792148475 65
110.828643721381 APERIODIC_JOB_ARRIVAL 0.0509518331890727 37
111.017430756344 APERIODIC_JOB_ARRIVAL 0.489699946358992 53
113.105265994996 APERIODIC_JOB_ARRIVAL 0.176672873578206 77
114.894501198561 APERIODIC_JOB_ARRIVAL 0.451897302874079 48
115.630617389846 APERIODIC_JOB_ARRIVAL 0.332234618158571 93
116.342493122093 APERIODIC_JOB_ARRIVAL 0.89607217705916 49
116.554124444772 APERIODIC_JOB_ARRIVAL 0.172817564303996 34
117.332715388628 APERIODIC_JOB_ARRIVAL 0.109850001562914 11
117.395617815959 APERIODIC_JOB_ARRIVAL 0.675237678529559 19
117.558487134141 APERIODIC_JOB_ARRIVAL 0.34994471568605 46
117.774620502987 APERIODIC_JOB_ARRIVAL 0.170120755586436 75
118.329055180122 APERIODIC_JOB_ARRIVAL 0.395624665237876 94
123.357649405334 APERIODIC_JOB_ARRIVAL 1.48610037632082 21
123.703450790213 APERIODIC_JOB_ARRIVAL 0.820985163477841 48
124.644188178988 APERIODIC_JOB_ARRIVAL 0.239139533859576 61
127.167061638576 APERIODIC_JOB_ARRIVAL 2.03975528693228 47
128.822943730997 APERIODIC_JOB_ARRIVAL 0.851051399043726 0
129.669306947616 APERIODIC_JOB_ARRIVAL 1.1054756061369 94
129.737048859366 APERIODIC_JOB_ARRIVAL 0.252101669114831 80
131.564060960272 APERIODIC_JOB_ARRIVAL 0.151005808523161 8
131.891191831515 APERIODIC_JOB_ARRIVAL 0.122058584611705 15
132.71050866062 APERIODIC_JOB_ARRIVAL 0.807172016924926 79
133.239893283388 APERIODIC_JOB_ARRIVAL 0.0452588393828652 1
133.777509726154 APERIODIC_JOB_ARRIVAL 1.20343550293644 3
133.990287126034 APERIODIC_JOB_ARRIVAL 0.505393570255951 31
133.993205142327 APERIODIC_JOB_ARRIVAL 0.50239242548357 99
134.14957416749 APERIODIC_JOB_ARRIVAL 0.445504990590477 71
136.572245245308 APERIODIC_JOB_ARRIVAL 0.332918426172853 74
136.613437373806 APERIODIC_JOB_ARRIVAL 0.682356213380883 96
137.369222817756 APERIODIC_JOB_ARRIVAL 0.102098508727852 5
137.496634917918 APERIODIC_JOB_ARRIVAL 0.135306523629401 12
139.206443935936 APERIODIC_JOB_ARRIVAL 0.103675043445825 50
139.782223832646 APERIODIC_JOB_ARRIVAL 0.223225551553364 54
139.941009729088 APERIODIC_JOB_ARRIVAL 0.2124312517338 4
140.412012370803 APERIODIC_JOB_ARRIVAL 0.366014287490664 98
141.511089550563 APERIODIC_JOB_ARRIVAL 0.170267482233002 79
141.53127147993 APERIODIC_JOB_ARRIVAL 0.159701653442347 52
146.233898812127 APERIODIC_JOB_ARRIVAL 0.114786361928391 46
150.453401239105 APERIODIC_JOB_ARRIVAL 0.147676835193575 35
151.171431303786 APERIODIC_JOB_ARRIVAL 0.0158792862316328 69
151.742129290478 APERIODIC_JOB_ARRIVAL 0.292612351287709 41
152.638522450403 APERIODIC_JOB_ARRIVAL 0.11982175216465 80
152.831956571965 APERIODIC_JOB_ARRIVAL 0.620489002646505 57
153.365051534481 APERIODIC_JOB_ARRIVAL 0.00194798357550239 71
154.512632215346 APERIODIC_JOB_ARRIVAL 0.0739610181592821 63
154.761900707321 APERIODIC_JOB_ARRIVAL 1.42641394098818 77
156.010630408571 APERIODIC_JOB_ARRIVAL 0.402226991140662 62
156.565219922248 APERIODIC_JOB_ARRIVAL 0.574836607541295 7
157.473527779929 APERIODIC_JOB_ARRIVAL 0.486137752823531 14
159.548891974184 APERIODIC_JOB_ARRIVAL 0.803845504568237 76
160.459081504109 APERIODIC_JOB_ARRIVAL 0.108009984559819 41
160.517561611862 APERIODIC_JOB_ARRIVAL 0.511927676615759 3
161.47339139311 APERIODIC_JOB_ARRIVAL 1.86020788606889 24
165.441889372751 APERIODIC_JOB_ARRIVAL 0.519246890523179 7
166.202765122698 APERIODIC_JOB_ARRIVAL 0.0813061117703778 22
167.025158277229 APERIODIC_JOB_ARRIVAL 2.07651168346822 87
167.245702487676 APERIODIC_JOB_ARRIVAL 0.450520306397874 61
167.284180705006 APERIODIC_JOB_ARRIVAL 0.417496966388403 30
167.760140141235 APERIODIC_JOB_ARRIVAL 0.471616411855512 54
167.784927621506 APERIODIC_JOB_ARRIVAL 1.0775698449075 61
168.130857952045 APERIODIC_JOB_ARRIVAL 0.92250111602753 63
168.277167382483 APERIODIC_JOB_ARRIVAL 0.0242654105095083 37
170.574668019413 APERIODIC_JOB_ARRIVAL 0.32618658457283 66
172.430993973965 APERIODIC_JOB_ARRIVAL 0.379966493846939 78
172.599800546208 APERIODIC_JOB_ARRIVAL 0.141924231849588 95
173.630875038006 APERIODIC_JOB_ARRIVAL 0.410816760870575 26
174.440415164152 APERIODIC_JOB_ARRIVAL 0.481765781254876 79
177.077806588294 APERIODIC_JOB_ARRIVAL 0.458820299663558 86
177.890432320286 APERIODIC_JOB_ARRIVAL 0.307730122792837 50
178.149788053418 APERIODIC_JOB_ARRIVAL 2.10403308532034 7
180.195697955601 APERIODIC_JOB_ARRIVAL 0.0163911188650209 69
181.932609548709 APERIODIC_JOB_ARRIVAL 0.11147428929081 52
186.415524473321 APERIODIC_JOB_ARRIVAL 0.0330791073554449 7
189.111346688461 APERIODIC_JOB_ARRIVAL 0.346614232124168 42
189.161133014224 APERIODIC_JOB_ARRIVAL 0.081845843845521 12
191.130929931886 APERIODIC_JOB_ARRIVAL 0.346360242344456 20
193.74002385629 APERIODIC_JOB_ARRIVAL 0.0627991142625433 35
193.831861126909 APERIODIC_JOB_ARRIVAL 0.286291115666655 84
196.828718788228 APERIODIC_JOB_ARRIVAL 0.180493556525906 68
197.469579030798 APERIODIC_JOB_ARRIVAL 0.38742231474743 71
198.046890358002 APERIODIC_JOB_ARRIVAL 0.036855306119545 29
198.929481280797 APERIODIC_JOB_ARRIVAL 0.118783545715091 45
199.446344614841 APERIODIC_JOB_ARRIVAL 0.902286245736517 26
202.497021469066 APERIODIC_JOB_ARRIVAL 0.217915465143288 59
203.377445662319 APERIODIC_JOB_ARRIVAL 0.304094733131419 46
203.724788616704 APERIODIC_JOB_ARRIVAL 0.777578704000459 58
206.578215013408 APERIODIC_JOB_ARRIVAL 0.111157909414098 14
206.687423491686 APERIODIC_JOB_ARRIVAL 0.217520343461282 85
210.322164465853 APERIODIC_JOB_ARRIVAL 0.303284032532429 96
210.657443317512 APERIODIC_JOB_ARRIVAL 0.0737219442094904 11
211.535314927664 APERIODIC_JOB_ARRIVAL 0.500341443109865 25
212.428720640112 APERIODIC_JOB_ARRIVAL 1.28004594720502 73
213.483577194527 APERIODIC_JOB_ARRIVAL 0.0675952717579665 61
213.553091542456 APERIODIC_JOB_ARRIVAL 1.53593202118816 36
213.672882448368 APERIODIC_JOB_ARRIVAL 0.988417714797696 6
213.848905794239 APERIODIC_JOB_ARRIVAL 0.303767592290349 40
214.031452376686 APERIODIC_JOB_ARRIVAL 0.628031577543223 68
214.045718793536 APERIODIC_JOB_ARRIVAL 0.238519327243252 76
214.749835798933 APERIODIC_JOB_ARRIVAL 0.350325198418502 95
215.290579308806 APERIODIC_JOB_ARRIVAL 0.347461867918719 29
215.388114857864 APERIODIC_JOB_ARRIVAL 0.0502655380172134 17
217.897486612095 APERIODIC_JOB_ARRIVAL 0.515159758651765 59
219.078998420705 APERIODIC_JOB_ARRIVAL 0.421683216072834 32
219.609992097404 APERIODIC_JOB_ARRIVAL 0.260819123636029 24
220.72539997287 APERIODIC_JOB_ARRIVAL 1.90993665296964 68
222.438269970784 APERIODIC_JOB_ARRIVAL 0.340610953865138 52
223.682940235572 APERIODIC_JOB_ARRIVAL 0.552003991178985 62
223.696457685326 APERIODIC_JOB_ARRIVAL 0.631438930056002 49
224.182237285924 APERIODIC_JOB_ARRIVAL 0.031483582103079 27
224.309785407249 APERIODIC_JOB_ARRIVAL 1.25378181856256 83
225.05780000575 APERIODIC_JOB_ARRIVAL 0.0960746901012511 40
226.542797489112 APERIODIC_JOB_ARRIVAL 0.673012863155158 97
226.872552820202 APERIODIC_JOB_ARRIVAL 0.90531688820395 29
227.481710911984 APERIODIC_JOB_ARRIVAL 3.09988138330436 67
227.954091806406 APERIODIC_JOB_ARRIVAL 0.70072454985172 17
230.14161808048 APERIODIC_JOB_ARRIVAL 0.00488312465018141 54
231.623694506375 APERIODIC_JOB_ARRIVAL 0.140950377833063 10
233.394818962016 APERIODIC_JOB_ARRIVAL 0.913705142769214 96
233.901262985944 APERIODIC_JOB_ARRIVAL 0.133871836104524 4
235.590189929374 APERIODIC_JOB_ARRIVAL 1.6932212117627 80
235.930803234709 APERIODIC_JOB_ARRIVAL 0.927788890469936 68
236.073946411369 APERIODIC_JOB_ARRIVAL 0.183658162153113 4
236.833615191932 APERIODIC_JOB_ARRIVAL 1.1567963487634 70
237.024102252549 APERIODIC_JOB_ARRIVAL 1.24587993387926 0
238.373775654692 APERIODIC_JOB_ARRIVAL 0.408444037488933 69
238.968643533218 APERIODIC_JOB_ARRIVAL 0.816381121401011 58
239.374963833622 APERIODIC_JOB_ARRIVAL 0.786624341929641 71
240.514035741429 APERIODIC_JOB_ARRIVAL 0.238685390564935 9
240.681635188144 APERIODIC_JOB_ARRIVAL 0.374967621037201 25
241.046077734133 APERIODIC_JOB_ARRIVAL 0.421713067523922 54
241.280739540872 APERIODIC_JOB_ARRIVAL 0.504214328419248 41
241.449401836429 APERIODIC_JOB_ARRIVAL 0.0483127577431139 9
241.491341636961 APERIODIC_JOB_ARRIVAL 1.00877171796133 60
242.219158754299 APERIODIC_JOB_ARRIVAL 1.33294329309864 94
244.919252040082 APERIODIC_JOB_ARRIVAL 0.322987906211647 91
247.757763947041 APERIODIC_JOB_ARRIVAL 0.290663576402123 75
247.955931195222 APERIODIC_JOB_ARRIVAL 0.397691899982487 36
248.185286054644 APERIODIC_JOB_ARRIVAL 0.464871003350978 4
250.414413816073 APERIODIC_JOB_ARRIVAL 0.0282297878942128 95
251.154656712848 APERIODIC_JOB_ARRIVAL 0.581782909857468 27
251.657569428514 APERIODIC_JOB_ARRIVAL 1.07720561209587 39
251.941683700874 APERIODIC_JOB_ARRIVAL 0.395909879581838 75
252.62105960023 APERIODIC_JOB_ARRIVAL 0.219671097626278 80
253.706561865089 APERIODIC_JOB_ARRIVAL 0.156367737455671 2
254.88551936544 APERIODIC_JOB_ARRIVAL 0.231655671113783 31
255.729048772959 APERIODIC_JOB_ARRIVAL 1.28197913555525 26
256.361898280031 APERIODIC_JOB_ARRIVAL 0.530767356565054 86
260.536881459277 APERIODIC_JOB_ARRIVAL 0.368589217040293 90
261.794547817136 APERIODIC_JOB_ARRIVAL 1.17402763854292 87
262.480696966145 APERIODIC_JOB_ARRIVAL 0.540186992362057 58
263.185172490241 APERIODIC_JOB_ARRIVAL 0.682591447479228 60
264.259290038584 APERIODIC_JOB_ARRIVAL 0.36025874841676 36
267.474215458301 APERIODIC_JOB_ARRIVAL 0.421120107449664 66
268.910130075487 APERIODIC_JOB_ARRIVAL 0.372047360191743 49
269.784273309141 APERIODIC_JOB_ARRIVAL 0.891216701597423 69
270.766054361107 APERIODIC_JOB_ARRIVAL 0.0920383619174667 65
271.378979008939 APERIODIC_JOB_ARRIVAL 0.254203063794671 44
272.835548067973 APERIODIC_JOB_ARRIVAL 1.7168003158583 85
274.398103253323 APERIODIC_JOB_ARRIVAL 1.02571890668205 63
275.735398599828 APERIODIC_JOB_ARRIVAL 0.516539379274012 50
277.438834123674 APERIODIC_JOB_ARRIVAL 0.514930568821485 43
277.698649715286 APERIODIC_JOB_ARRIVAL 1.67244204102607 10
277.765777241905 APERIODIC_JOB_ARRIVAL 1.14922717784663 82
277.929547285172 APERIODIC_JOB_ARRIVAL 1.06608645681843 96
278.542999545347 APERIODIC_JOB_ARRIVAL 0.112512830815677 99
279.348110011182 APERIODIC_JOB_ARRIVAL 0.717929010785255 50
279.73953612373 APERIODIC_JOB_ARRIVAL 0.0586568910056906 25
280.282230698373 APERIODIC_JOB_ARRIVAL 0.272612254450815 85
281.638032159691 APERIODIC_JOB_ARRIVAL 1.55471052024225 73
281.641082020166 APERIODIC_JOB_ARRIVAL 1.04212478749822 27
283.584457826974 APERIODIC_JOB_ARRIVAL 0.0784830463404661 21
285.901965500103 APERIODIC_JOB_ARRIVAL 0.000822711210505585 81
286.345976813974 APERIODIC_JOB_ARRIVAL 0.798246591053217 21
286.461052873871 APERIODIC_JOB_ARRIVAL 0.865913105618121 90
287.260831161049 APERIODIC_JOB_ARRIVAL 0.11580204188883 83
287.770148067942 APERIODIC_JOB_ARRIVAL 0.0434613199468492 80
289.625108207671 APERIODIC_JOB_ARRIVAL 0.0953211767980427 75
290.813543124595 APERIODIC_JOB_ARRIVAL 1.33034862147503 45
291.717412420256 APERIODIC_JOB_ARRIVAL 0.151202519676648 56
292.03272538752 APERIODIC_JOB_ARRIVAL 0.142111089583124 48
292.684191349143 APERIODIC_JOB_ARRIVAL 1.43656555770895 36
293.304898030976 APERIODIC_JOB_ARRIVAL 0.0679919055316303 60
294.579575285494 APERIODIC_JOB_ARRIVAL 0.556857442877343 42
296.065938932009 APERIODIC_JOB_ARRIVAL 0.386204465837323 72
296.083804501117 APERIODIC_JOB_ARRIVAL 0.197756283444515 30
296.274700826146 APERIODIC_JOB_ARRIVAL 1.49610433881274 38
297.768657292281 APERIODIC_JOB_ARRIVAL 0.108298591449482 55
300.290755567995 APERIODIC_JOB_ARRIVAL 0.0234714887179968 25
301.641341505917 APERIODIC_JOB_ARRIVAL 0.498277737593325 71
301.929629927825 APERIODIC_JOB_ARRIVAL 1.77657200604293 86
302.720841539007 APERIODIC_JOB_ARRIVAL 0.172859920964917 14
304.223823059801 APERIODIC_JOB_ARRIVAL 0.407232535011398 50
304.486187288308 APERIODIC_JOB_ARRIVAL 0.219342765843187 34
306.632951577645 APERIODIC_JOB_ARRIVAL 0.49392403865698 75
306.813103851732 APERIODIC_JOB_ARRIVAL 0.133306019775186 17
309.379897046445 APERIODIC_JOB_ARRIVAL 0.813065386132772 96
315.52776099163 APERIODIC_JOB_ARRIVAL 0.0682222791517482 25
316.716306393535 APERIODIC_JOB_ARRIVAL 0.94269536624646 24
316.971341646294 APERIODIC_JOB_ARRIVAL 0.280737426473282 4
317.778624683861 APERIODIC_JOB_ARRIVAL 0.758831827342903 11
318.884779155168 APERIODIC_JOB_ARRIVAL 0.738594173556332 5
319.579508357157 APERIODIC_JOB_ARRIVAL 0.0406289163080875 78
321.672418095095 APERIODIC_JOB_ARRIVAL 1.05774731612972 44
322.97564345216 APERIODIC_JOB_ARRIVAL 0.731482247381097 5
325.051456110677 APERIODIC_JOB_ARRIVAL 0.458380795522383 38
326.674135924372 APERIODIC_JOB_ARRIVAL 0.0887966001831134 58
327.614728397379 APERIODIC_JOB_ARRIVAL 0.393011615047784 14
327.859931323814 APERIODIC_JOB_ARRIVAL 0.0224020104933022 50
328.129138637367 APERIODIC_JOB_ARRIVAL 0.818536810250025 47
328.607236427938 APERIODIC_JOB_ARRIVAL 0.0996239424020616 31
328.93777939587 APERIODIC_JOB_ARRIVAL 0.850999015838146 79
329.784088505931 APERIODIC_JOB_ARRIVAL 1.10682558233926 56
333.551640576497 APERIODIC_JOB_ARRIVAL 0.410838566896634 76
334.468476135462 APERIODIC_JOB_ARRIVAL 0.498121064621379 19
334.558200903667 APERIODIC_JOB_ARRIVAL 0.0706557802057859 0
334.804727204192 APERIODIC_JOB_ARRIVAL 0.181135802863646 63
335.78194308237 APERIODIC_JOB_ARRIVAL 0.0808130177169394 77
339.65503491053 APERIODIC_JOB_ARRIVAL 0.282041122603979 22
340.756083878559 APERIODIC_JOB_ARRIVAL 0.0268357531009378 2
342.070051622616 APERIODIC_JOB_ARRIVAL 0.874151836712618 1
342.146221959524 APERIODIC_JOB_ARRIVAL 0.0704175600344578 43
347.355812026098 APERIODIC_JOB_ARRIVAL 1.48819369138916 1
347.928851995093 APERIODIC_JOB_ARRIVAL 0.000120553594803567 77
349.414348730553 APERIODIC_JOB_ARRIVAL 0.111610430792109 76
352.27975216299 APERIODIC_JOB_ARRIVAL 0.100940970063015 67
352.535964671222 APERIODIC_JOB_ARRIVAL 0.723837143113256 28
352.922644598456 APERIODIC_JOB_ARRIVAL 8.17513681223507e-05 79
354.375534201481 APERIODIC_JOB_ARRIVAL 2.4111370485984 34
355.303692611604 APERIODIC_JOB_ARRIVAL 1.0713302492706 85
356.142841123122 APERIODIC_JOB_ARRIVAL 0.039690099492503 13
357.487644565323 APERIODIC_JOB_ARRIVAL 0.429056920572459 80
359.548662732436 APERIODIC_JOB_ARRIVAL 0.00920050953166192 7
360.571803242784 APERIODIC_JOB_ARRIVAL 0.172382904123462 53
361.29843755978 APERIODIC_JOB_ARRIVAL 0.419997951169752 60
361.881742327988 APERIODIC_JOB_ARRIVAL 0.0603121501721377 65
362.814095968389 APERIODIC_JOB_ARRIVAL 0.197302458352909 10
363.80261226392 APERIODIC_JOB_ARRIVAL 0.647469759112416 60
364.29898154118 APERIODIC_JOB_ARRIVAL 0.121417718101654 1
364.40120360597 APERIODIC_JOB_ARRIVAL 0.552722460851158 18
364.534151873709 APERIODIC_JOB_ARRIVAL 0.447534641915096 24
364.735362419607 APERIODIC_JOB_ARRIVAL 0.529260669460831 19
366.331327499927 APERIODIC_JOB_ARRIVAL 0.922449911920351 52
366.402956243607 APERIODIC_JOB_ARRIVAL 0.204153477967079 44
366.570276299422 APERIODIC_JOB_ARRIVAL 0.0795037168485156 86
366.620057920498 APERIODIC_JOB_ARRIVAL 0.0650578946992131 83
367.747672298152 APERIODIC_JOB_ARRIVAL 0.20578223372417 0
369.06169930573 APERIODIC_JOB_ARRIVAL 1.06670127590652 73
369.664533252209 APERIODIC_JOB_ARRIVAL 0.265205095723999 71
370.9994927212 APERIODIC_JOB_ARRIVAL 0.471894422663859 52
373.679344388528 APERIODIC_JOB_ARRIVAL 0.131553268208334 39
376.234642433181 APERIODIC_JOB_ARRIVAL 0.294361619121536 45
377.692632659757 APERIODIC_JOB_ARRIVAL 0.15999082236476 34
379.075237960437 APERIODIC_JOB_ARRIVAL 0.445996287943325 60
380.914403737057 APERIODIC_JOB_ARRIVAL 0.896989505856474 38
382.276610914012 APERIODIC_JOB_ARRIVAL 0.453705019474106 42
382.794037360186 APERIODIC_JOB_ARRIVAL 1.98316633534903 59
384.606487050465 APERIODIC_JOB_ARRIVAL 0.355833070210474 33
384.956832148018 APERIODIC_JOB_ARRIVAL 0.246479249293343 71
386.790300449332 APERIODIC_JOB_ARRIVAL 0.0572004532552596 48
388.256437396704 APERIODIC_JOB_ARRIVAL 0.180975608677793 63
391.637890487144 APERIODIC_JOB_ARRIVAL 0.158609384317434 89
392.015913234563 APERIODIC_JOB_ARRIVAL 0.514693423567085 75
392.893743192056 APERIODIC_JOB_ARRIVAL 0.126849257698022 15
393.759124565306 APERIODIC_JOB_ARRIVAL 0.0990576942375181 54
395.14116189368 APERIODIC_JOB_ARRIVAL 0.46677551333701 2
395.510696189358 APERIODIC_JOB_ARRIVAL 1.08079823020214 58
395.765289520689 APERIODIC_JOB_ARRIVAL 0.100494576820994 6
397.787929805308 APERIODIC_JOB_ARRIVAL 0.603942694524301 87
397.81189299737 APERIODIC_JOB_ARRIVAL 0.0200301486630025 78
397.978071585066 APERIODIC_JOB_ARRIVAL 1.36045339190366 51
397.992689619611 APERIODIC_JOB_ARRIVAL 0.0789144611698338 42
398.591997736157 APERIODIC_JOB_ARRIVAL 0.0974768095178032 5
398.627567197375 APERIODIC_JOB_ARRIVAL 0.292993208789438 17
399.047475305989 APERIODIC_JOB_ARRIVAL 0.49084146570357 27
400.138685149829 APERIODIC_JOB_ARRIVAL 0.447428917689956 12
400.26986805808 APERIODIC_JOB_ARRIVAL 0.0535443266369145 86
400.596637206395 APERIODIC_JOB_ARRIVAL 0.254226303406666 10
400.940533607202 APERIODIC_JOB_ARRIVAL 0.108060598822814 99
401.065257036962 APERIODIC_JOB_ARRIVAL 0.383923895028183 32
401.926730489815 APERIODIC_JOB_ARRIVAL 0.0901670044743733 94
402.684415389945 APERIODIC_JOB_ARRIVAL 0.75253896791856 99
402.920047658977 APERIODIC_JOB_ARRIVAL 0.34915204216268 64
403.96756000662 APERIODIC_JOB_ARRIVAL 0.881508043271648 7
405.856734713759 APERIODIC_JOB_ARRIVAL 1.95642372078163 62
407.988035881689 APERIODIC_JOB_ARRIVAL 0.100450781251664 62
407.993955291182 APERIODIC_JOB_ARRIVAL 0.17993691330506 16
409.013334735315 APERIODIC_JOB_ARRIVAL 2.50238830217721 79
412.761532752607 APERIODIC_JOB_ARRIVAL 1.3964120318108 4
414.071271655241 APERIODIC_JOB_ARRIVAL 1.77864318662172 18
414.272162311109 APERIODIC_JOB_ARRIVAL 0.659287023621869 48
414.326906170511 APERIODIC_JOB_ARRIVAL 1.10574673670671 3
415.207565125049 APERIODIC_JOB_ARRIVAL 0.445157187322249 8
416.439065330919 APERIODIC_JOB_ARRIVAL 0.747861890061742 45
418.912764350117 APERIODIC_JOB_ARRIVAL 1.36601982652526 14
420.157473971593 APERIODIC_JOB_ARRIVAL 0.556551615550432 27
420.341152206998 APERIODIC_JOB_ARRIVAL 0.0552842520726548 34
420.685736900874 APERIODIC_JOB_ARRIVAL 0.284735076843137 82
420.956060445683 APERIODIC_JOB_ARRIVAL 0.0525637455042882 6
422.53311802965 APERIODIC_JOB_ARRIVAL 0.116855931045002 63
422.563414403582 APERIODIC_JOB_ARRIVAL 0.855187088632786 1
423.415318085409 APERIODIC_JOB_ARRIVAL 0.239280568214509 42
424.297070253495 APERIODIC_JOB_ARRIVAL 0.249796177420878 98
425.662430099876 APERIODIC_JOB_ARRIVAL 0.204915648179557 94
425.825291838164 APERIODIC_JOB_ARRIVAL 0.290434394104547 5
426.007370484827 APERIODIC_JOB_ARRIVAL 0.355664490899297 17
430.022275317534 APERIODIC_JOB_ARRIVAL 0.0385095137544427 53
431.852785118357 APERIODIC_JOB_ARRIVAL 1.05814775169734 71
432.673832596727 APERIODIC_JOB_ARRIVAL 0.236329681133811 17
433.523319341305 APERIODIC_JOB_ARRIVAL 0.395188210815323 36
434.367185770813 APERIODIC_JOB_ARRIVAL 0.580689960505793 35
434.397829844129 APERIODIC_JOB_ARRIVAL 0.384172146852019 33
434.785636017303 APERIODIC_JOB_ARRIVAL 0.580699962192917 41
435.61268289037 APERIODIC_JOB_ARRIVAL 1.21515917781635 63
436.219305484915 APERIODIC_JOB_ARRIVAL 0.358661758771811 90
436.895565284895 APERIODIC_JOB_ARRIVAL 0.150453761682708 74
438.248047351734 APERIODIC_JOB_ARRIVAL 0.29422634690364 30
438.426770387251 APERIODIC_JOB_ARRIVAL 2.18237105020932 76
439.037402222901 APERIODIC_JOB_ARRIVAL 0.317081603130116 12
439.480974362011 APERIODIC_JOB_ARRIVAL 0.856954153493045 3
439.590125816618 APERIODIC_JOB_ARRIVAL 0.794789429989566 18
440.90716428564 APERIODIC_JOB_ARRIVAL 0.459111824152269 15
442.291299550097 APERIODIC_JOB_ARRIVAL 0.263076626961532 73
443.180133544253 APERIODIC_JOB_ARRIVAL 0.648069229149078 86
446.179785570407 APERIODIC_JOB_ARRIVAL 0.631812985598956 16
446.603443715761 APERIODIC_JOB_ARRIVAL 0.263847180016745 18
446.893415428961 APERIODIC_JOB_ARRIVAL 0.0887948313131593 97
448.030599251202 APERIODIC_JOB_ARRIVAL 0.573263076821769 61
449.57292146264 APERIODIC_JOB_ARRIVAL 0.268988122470236 13
449.946662785019 APERIODIC_JOB_ARRIVAL 0.58960417928875 82
450.130386509349 APERIODIC_JOB_ARRIVAL 1.25792104786207 83
450.209626889009 APERIODIC_JOB_ARRIVAL 0.0915128252124455 80
450.211440716803 APERIODIC_JOB_ARRIVAL 0.31197959643571 6
450.242393169149 APERIODIC_JOB_ARRIVAL 0.990794752022557 25
450.416478163279 APERIODIC_JOB_ARRIVAL 0.22239770122097 55
451.358906083567 APERIODIC_JOB_ARRIVAL 0.56318423813999 20
453.255326696072 APERIODIC_JOB_ARRIVAL 0.0746920848994534 93
454.454089533227 APERIODIC_JOB_ARRIVAL 0.809461146225356 58
454.877989108572 APERIODIC_JOB_ARRIVAL 0.460585889850353 53
454.968692522277 APERIODIC_JOB_ARRIVAL 0.354742603321172 17
455.514115634827 APERIODIC_JOB_ARRIVAL 0.014824566336507 39
456.163174456643 APERIODIC_JOB_ARRIVAL 0.920345402526902 30
457.088326132009 APERIODIC_JOB_ARRIVAL 0.21177430810726 81
457.485019373931 APERIODIC_JOB_ARRIVAL 1.01020475401234 12
458.993484798878 APERIODIC_JOB_ARRIVAL 0.770462368597867 38
460.150597217688 APERIODIC_JOB_ARRIVAL 1.26953298686973 12
460.95124985825 APERIODIC_JOB_ARRIVAL 0.480143978049618 31
461.578273674096 APERIODIC_JOB_ARRIVAL 0.203358666715558 76
462.911839817269 APERIODIC_JOB_ARRIVAL 1.22350030822911 15
463.39124106345 APERIODIC_JOB_ARRIVAL 0.0888873598818032 96
463.434301585337 APERIODIC_JOB_ARRIVAL 0.202753480116139 48
463.581532482866 APERIODIC_JOB_ARRIVAL 0.430112679474456 66
463.716655031388 APERIODIC_JOB_ARRIVAL 0.720946328646068 72
464.142514700101 APERIODIC_JOB_ARRIVAL 0.621508777647325 47
464.256325088589 APERIODIC_JOB_ARRIVAL 0.199435078593531 90
464.768462800356 APERIODIC_JOB_ARRIVAL 0.268645472947923 0
467.747558327717 APERIODIC_JOB_ARRIVAL 0.211545257377832 53
471.55678971207 APERIODIC_JOB_ARRIVAL 0.201723006084599 12
474.086397349161 APERIODIC_JOB_ARRIVAL 0.674855230214293 89
475.547343278312 APERIODIC_JOB_ARRIVAL 0.0414949234323662 91
475.972853554893 APERIODIC_JOB_ARRIVAL 0.151687440131906 55
478.200242550502 APERIODIC_JOB_ARRIVAL 0.885657576319023 88
479.215179411044 APERIODIC_JOB_ARRIVAL 0.381680888256332 20
480.071338094791 APERIODIC_JOB_ARRIVAL 0.594929802238988 53
480.112279949812 APERIODIC_JOB_ARRIVAL 2.2434877416668 90
480.43541710546 APERIODIC_JOB_ARRIVAL 1.23750491306283 18
482.148745905463 APERIODIC_JOB_ARRIVAL 0.469406265009662 52
482.348378171951 APERIODIC_JOB_ARRIVAL 0.613039375089488 7
483.396652866106 APERIODIC_JOB_ARRIVAL 0.870413803850554 63
487.369171764733 APERIODIC_JOB_ARRIVAL 0.537538267188426 89
488.230048636788 APERIODIC_JOB_ARRIVAL 0.164672720732019 41
488.24616940501 APERIODIC_JOB_ARRIVAL 0.025228873438821 62
488.438969364708 APERIODIC_JOB_ARRIVAL 0.110412636719205 97
488.738014592922 APERIODIC_JOB_ARRIVAL 0.0887385202891936 58
489.75339977715 APERIODIC_JOB_ARRIVAL 0.00060092378135491 8
490.32028119009 APERIODIC_JOB_ARRIVAL 0.373710671040437 85
492.582574358251 APERIODIC_JOB_ARRIVAL 0.423830790295974 51
493.856971871211 APERIODIC_JOB_ARRIVAL 0.413373428557068 89
494.034010554102 APERIODIC_JOB_ARRIVAL 2.4382742109584 48
494.834419063422 APERIODIC_JOB_ARRIVAL 1.02393392157368 3
498.860300446419 APERIODIC_JOB_ARRIVAL 1.62159999845676 82
499.967391674934 APERIODIC_JOB_ARRIVAL 0.994078248573494 86
500.424746794877 APERIODIC_JOB_ARRIVAL 1.71787610941811 94
502.659870396601 APERIODIC_JOB_ARRIVAL 0.39106121607901 74
503.003738922191 APERIODIC_JOB_ARRIVAL 0.0492051179234117 82
503.401431644477 APERIODIC_JOB_ARRIVAL 0.389503941539356 31
505.192247788262 APERIODIC_JOB_ARRIVAL 0.223326312437619 63
505.978290592676 APERIODIC_JOB_ARRIVAL 0.180152121771336 26
506.01650299403 APERIODIC_JOB_ARRIVAL 0.291612489737255 5
507.363797997379 APERIODIC_JOB_ARRIVAL 0.111956816017006 78
508.978732739124 APERIODIC_JOB_ARRIVAL 0.272101127180361 15
510.908561585766 APERIODIC_JOB_ARRIVAL 0.0464120925506815 37
511.401313491055 APERIODIC_JOB_ARRIVAL 0.818009758054533 65
511.618495284515 APERIODIC_JOB_ARRIVAL 1.15612337872491 42
513.041998139839 APERIODIC_JOB_ARRIVAL 0.124196091427587 47
513.443041239184 APERIODIC_JOB_ARRIVAL 0.532123411567613 50
514.04970024119 APERIODIC_JOB_ARRIVAL 0.743811606312405 42
517.151803540768 APERIODIC_JOB_ARRIVAL 0.0452832744116943 39
517.424966380886 APERIODIC_JOB_ARRIVAL 0.000162601363411971 58
517.826919599677 APERIODIC_JOB_ARRIVAL 0.970525671358998 15
518.940151470707 APERIODIC_JOB_ARRIVAL 0.161399227555327 29
520.672964128933 APERIODIC_JOB_ARRIVAL 0.189396890909598 38
523.332171212515 APERIODIC_JOB_ARRIVAL 0.237627506685819 28
524.043615841146 APERIODIC_JOB_ARRIVAL 0.206100681200866 69
524.27420880932 APERIODIC_JOB_ARRIVAL 0.348431404382745 56
525.545235775405 APERIODIC_JOB_ARRIVAL 0.128071465105095 94
525.559932799195 APERIODIC_JOB_ARRIVAL 0.792547203724794 69
526.429395867911 APERIODIC_JOB_ARRIVAL 0.672903372126183 90
527.664645707392 APERIODIC_JOB_ARRIVAL 0.863207782555578 37
529.705762600039 APERIODIC_JOB_ARRIVAL 0.251230376886958 84
529.721579493976 APERIODIC_JOB_ARRIVAL 0.0544662560977588 8
529.748083952356 APERIODIC_JOB_ARRIVAL 0.216111084140095 42
530.579292004623 APERIODIC_JOB_ARRIVAL 0.877791999601739 65
531.331769317584 APERIODIC_JOB_ARRIVAL 1.20629575548813 5
531.881942245728 APERIODIC_JOB_ARRIVAL 0.315980080129947 0
532.958604066986 APERIODIC_JOB_ARRIVAL 0.278546805059539 29
534.072079980692 APERIODIC_JOB_ARRIVAL 0.242502152686015 18
534.406368491281 APERIODIC_JOB_ARRIVAL 0.510749629023951 53
537.253547235762 APERIODIC_JOB_ARRIVAL 0.679464358588475 77
538.46659305528 APERIODIC_JOB_ARRIVAL 0.0812100639207788 70
540.117317924483 APERIODIC_JOB_ARRIVAL 0.413018973486955 21
547.004924951757 APERIODIC_JOB_ARRIVAL 0.16720683127012 52
547.468731472475 APERIODIC_JOB_ARRIVAL 0.0924505001030853 50
547.500891153231 APERIODIC_JOB_ARRIVAL 0.28017167452383 20
548.68258565436 APERIODIC_JOB_ARRIVAL 0.315299281724557 50
548.978470165542 APERIODIC_JOB_ARRIVAL 0.250270189986193 34
551.115868214988 APERIODIC_JOB_ARRIVAL 0.584373650589228 59
552.118720977651 APERIODIC_JOB_ARRIVAL 0.291505855718521 69
552.186639996826 APERIODIC_JOB_ARRIVAL 0.289852453320567 41
554.16126719477 APERIODIC_JOB_ARRIVAL 0.433266260248013 77
555.88649072077 APERIODIC_JOB_ARRIVAL 0.171528423578216 21
555.934658133925 APERIODIC_JOB_ARRIVAL 1.7474598104687 29
556.382586192436 APERIODIC_JOB_ARRIVAL 0.559923096070961 48
557.018921928594 APERIODIC_JOB_ARRIVAL 0.093893964089084 0
557.138599013409 APERIODIC_JOB_ARRIVAL 0.521431688966733 37
558.105507725726 APERIODIC_JOB_ARRIVAL 0.124715609556223 4
561.034353693303 APERIODIC_JOB_ARRIVAL 0.102716546677175 39
562.536427945241 APERIODIC_JOB_ARRIVAL 0.418405985081047 73
564.520659335075 APERIODIC_JOB_ARRIVAL 1.34870957203345 88
566.197906073546 APERIODIC_JOB_ARRIVAL 1.33586007954132 45
566.601817299201 APERIODIC_JOB_ARRIVAL 0.0522243814469193 25
568.787376540153 APERIODIC_JOB_ARRIVAL 0.327244976031867 35
571.530514738295 APERIODIC_JOB_ARRIVAL 1.35073600839696 53
572.353948748861 APERIODIC_JOB_ARRIVAL 0.0538900814305778 43
572.766968984294 APERIODIC_JOB_ARRIVAL 0.34831055078464 70
573.637826600432 APERIODIC_JOB_ARRIVAL 0.122150154568603 62
577.008711901912 APERIODIC_JOB_ARRIVAL 0.519719563296958 57
578.459801784423 APERIODIC_JOB_ARRIVAL 0.754083372334243 92
580.33238125768 APERIODIC_JOB_ARRIVAL 0.499864114271688 34
580.364499601309 APERIODIC_JOB_ARRIVAL 0.005269629498304 73
581.306900643786 APERIODIC_JOB_ARRIVAL 0.145270103678674 79
581.92897867284 APERIODIC_JOB_ARRIVAL 0.720581720026829 31
582.642757439909 APERIODIC_JOB_ARRIVAL 1.00844754448846 74
583.002718717104 APERIODIC_JOB_ARRIVAL 0.192128014758922 10
584.473649346343 APERIODIC_JOB_ARRIVAL 0.822891063128291 30
588.182779326643 APERIODIC_JOB_ARRIVAL 0.0858665723817248 26
589.206636983226 APERIODIC_JOB_ARRIVAL 1.25344655529775 10
589.950291353925 APERIODIC_JOB_ARRIVAL 0.823083124536347 6
589.951796117624 APERIODIC_JOB_ARRIVAL 0.105447773556928 0
590.62616450992 APERIODIC_JOB_ARRIVAL 0.0255574135038795 8
591.150409980269 APERIODIC_JOB_ARRIVAL 0.8160516389248 79
591.226732965705 APERIODIC_JOB_ARRIVAL 0.405913274077595 55
591.836229491123 APERIODIC_JOB_ARRIVAL 0.610685686359268 39
596.081048999021 APERIODIC_JOB_ARRIVAL 0.442053863441406 37
596.847634290676 APERIODIC_JOB_ARRIVAL 0.378880892673248 65
597.259001363581 APERIODIC_JOB_ARRIVAL 0.815885130322873 60
597.748675330678 APERIODIC_JOB_ARRIVAL 0.225944617542641 52
598.004154147468 APERIODIC_JOB_ARRIVAL 0.0286990721135465 23
599.511170986334 APERIODIC_JOB_ARRIVAL 0.0098283386979934 11
601.048895135103 APERIODIC_JOB_ARRIVAL 0.16032934658907 57
601.818461557956 APERIODIC_JOB_ARRIVAL 0.106459597558843 96
603.10005779518 APERIODIC_JOB_ARRIVAL 0.28880951467168 33
604.280953965686 APERIODIC_JOB_ARRIVAL 0.477291896632161 15
609.1585218384 APERIODIC_JOB_ARRIVAL 0.903954224372617 52
610.147198026509 APERIODIC_JOB_ARRIVAL 1.58013437984848 11
610.202310830346 APERIODIC_JOB_ARRIVAL 0.13522839389358 5
610.912895101053 APERIODIC_JOB_ARRIVAL 0.409223986423831 8
611.000635110875 APERIODIC_JOB_ARRIVAL 1.5387464791431 92
612.02601080701 APERIODIC_JOB_ARRIVAL 0.319672926142931 69
613.505729055218 APERIODIC_JOB_ARRIVAL 0.0743923674521619 81
613.893679637031 APERIODIC_JOB_ARRIVAL 0.0185271099692639 32
615.099095134476 APERIODIC_JOB_ARRIVAL 2.96449881114548 61
616.139413141286 APERIODIC_JOB_ARRIVAL 0.0582680145168023 37
616.560430017425 APERIODIC_JOB_ARRIVAL 0.227081070809717 96
616.943181249431 APERIODIC_JOB_ARRIVAL 1.13379158055762 41
617.02296376417 APERIODIC_JOB_ARRIVAL 0.0624725275262061 52
617.98230293494 APERIODIC_JOB_ARRIVAL 0.243586039733367 89
618.053556836978 APERIODIC_JOB_ARRIVAL 0.152183849587816 12
618.450646228678 APERIODIC_JOB_ARRIVAL 0.847720591600919 50
618.621332695828 APERIODIC_JOB_ARRIVAL 1.90561497361096 96
621.117312990307 APERIODIC_JOB_ARRIVAL 0.221585371473213 88
622.941895200561 APERIODIC_JOB_ARRIVAL 1.06650265067929 70
624.10970043496 APERIODIC_JOB_ARRIVAL 0.45115975410349 98
625.952293267424 APERIODIC_JOB_ARRIVAL 0.0983484048823129 21
625.969998101725 APERIODIC_JOB_ARRIVAL 0.149838686560283 54
627.488801910948 APERIODIC_JOB_ARRIVAL 1.86151391162975 36
627.692113826742 APERIODIC_JOB_ARRIVAL 0.233307936102914 81
628.351348958515 APERIODIC_JOB_ARRIVAL 0.66593327356108 35
628.885864584712 APERIODIC_JOB_ARRIVAL 0.0594245977891863 92
629.445557848854 APERIODIC_JOB_ARRIVAL 1.61618104331107 75
630.564282435178 APERIODIC_JOB_ARRIVAL 1.44814126081256 69
631.493736617705 APERIODIC_JOB_ARRIVAL 0.321050596792746 36
633.154264580772 APERIODIC_JOB_ARRIVAL 0.0989274734395968 74
636.114233193587 APERIODIC_JOB_ARRIVAL 2.09898581655919 14
636.135465182609 APERIODIC_JOB_ARRIVAL 0.942739168480438 4
636.907291198355 APERIODIC_JOB_ARRIVAL 0.507015220745692 64
637.148269256305 APERIODIC_JOB_ARRIVAL 1.02788280217748 23
637.395838996138 APERIODIC_JOB_ARRIVAL 0.206383109466535 89
640.646019791717 APERIODIC_JOB_ARRIVAL 0.678602483365644 45
640.854439854026 APERIODIC_JOB_ARRIVAL 0.322014761436083 59
642.869120464549 APERIODIC_JOB_ARRIVAL 0.15842293060845 68
643.03369456995 APERIODIC_JOB_ARRIVAL 1.45058600693385 80
644.26192264991 APERIODIC_JOB_ARRIVAL 0.402985322192898 38
645.149228506208 APERIODIC_JOB_ARRIVAL 1.3069329358609 46
646.399223828358 APERIODIC_JOB_ARRIVAL 0.525031481701687 19
647.24053143045 APERIODIC_JOB_ARRIVAL 0.632567498807036 61
647.669987676157 APERIODIC_JOB_ARRIVAL 0.048798179137132 20
647.749067124541 APERIODIC_JOB_ARRIVAL 1.30572807431479 12
648.599550402263 APERIODIC_JOB_ARRIVAL 0.192087453770087 23
648.913312901845 APERIODIC_JOB_ARRIVAL 0.00157380423299569 24
649.469647920653 APERIODIC_JOB_ARRIVAL 0.179443116353932 22
649.529051591902 APERIODIC_JOB_ARRIVAL 0.0856747804385456 95
649.684969135021 APERIODIC_JOB_ARRIVAL 0.845860296006218 49
650.392669435777 APERIODIC_JOB_ARRIVAL 0.185056029898234 85
651.07276028764 APERIODIC_JOB_ARRIVAL 1.17512944367883 59
651.323336772717 APERIODIC_JOB_ARRIVAL 0.262124765751486 62
652.291360641183 APERIODIC_JOB_ARRIVAL 0.867525804138753 69
652.399411520308 APERIODIC_JOB_ARRIVAL 1.21016495604532 61
652.41766104787 APERIODIC_JOB_ARRIVAL 0.0884721198628843 51
654.272485497381 APERIODIC_JOB_ARRIVAL 1.44854367691069 39
656.171838826338 APERIODIC_JOB_ARRIVAL 0.198318201319958 7
657.402833176336 APERIODIC_JOB_ARRIVAL 0.83460703635817 38
658.286783944386 APERIODIC_JOB_ARRIVAL 0.319896483068174 69
658.853483468183 APERIODIC_JOB_ARRIVAL 0.41170223341621 48
660.526405213402 APERIODIC_JOB_ARRIVAL 0.206741768909555 29
661.074008317996 APERIODIC_JOB_ARRIVAL 1.1114420268839 56
661.162889365817 APERIODIC_JOB_ARRIVAL 1.20470697244042 37
661.721462690221 APERIODIC_JOB_ARRIVAL 0.0925660349126601 98
662.446481390054 APERIODIC_JOB_ARRIVAL 0.033615148625042 93
665.106130620699 APERIODIC_JOB_ARRIVAL 1.13078800506956 60
665.527826519917 APERIODIC_JOB_ARRIVAL 0.179449277495797 85
668.542711028652 APERIODIC_JOB_ARRIVAL 2.07474627135616 83
669.150477735828 APERIODIC_JOB_ARRIVAL 0.550570855625775 41
670.430215131518 APERIODIC_JOB_ARRIVAL 0.106470588870339 86
671.454640949508 APERIODIC_JOB_ARRIVAL 0.110997282531123 13
672.901947785128 APERIODIC_JOB_ARRIVAL 0.342845086828514 3
673.25701871473 APERIODIC_JOB_ARRIVAL 0.654308201297282 9
674.165727956401 APERIODIC_JOB_ARRIVAL 3.59658015421848 74
674.73349754623 APERIODIC_JOB_ARRIVAL 0.0379732842040423 64
675.600300322973 APERIODIC_JOB_ARRIVAL 0.384526300835928 91
676.676917959543 APERIODIC_JOB_ARRIVAL 0.155577139985686 77
677.988131032291 APERIODIC_JOB_ARRIVAL 0.00303672629765166 46
679.594055396333 APERIODIC_JOB_ARRIVAL 0.134282938893351 87
680.709001030051 APERIODIC_JOB_ARRIVAL 0.915739421727026 37
681.551023162221 APERIODIC_JOB_ARRIVAL 0.371893585843556 84
684.248010068189 APERIODIC_JOB_ARRIVAL 2.18844914651756 66
684.522685379485 APERIODIC_JOB_ARRIVAL 0.262754491901049 36
685.142555760073 APERIODIC_JOB_ARRIVAL 0.397540510341713 44
686.114695498191 APERIODIC_JOB_ARRIVAL 1.4783701705206 95
686.73444373127 APERIODIC_JOB_ARRIVAL 0.114578367709338 38
688.207389692288 APERIODIC_JOB_ARRIVAL 0.328093917136691 2
688.444982344532 APERIODIC_JOB_ARRIVAL 0.070785006839823 80
689.634566894682 APERIODIC_JOB_ARRIVAL 0.434772100663828 97
691.349884447081 APERIODIC_JOB_ARRIVAL 2.52088087636438 72
692.271968648911 APERIODIC_JOB_ARRIVAL 0.888068348042121 76
692.730926978245 APERIODIC_JOB_ARRIVAL 0.102459060462433 21
694.01181230553 APERIODIC_JOB_ARRIVAL 0.609992609116324 97
694.459623954492 APERIODIC_JOB_ARRIVAL 0.0254140160517026 2
694.658283307441 APERIODIC_JOB_ARRIVAL 0.540724317583137 88
694.993180773675 APERIODIC_JOB_ARRIVAL 0.375645657041697 72
695.085333663544 APERIODIC_JOB_ARRIVAL 0.932919413060982 67
695.446221109112 APERIODIC_JOB_ARRIVAL 0.340128685269432 45
697.731070713913 APERIODIC_JOB_ARRIVAL 0.0383827437247226 76
697.831906201373 APERIODIC_JOB_ARRIVAL 1.60556303772107 93
703.661328168661 APERIODIC_JOB_ARRIVAL 0.16193196066854 89
705.42414444489 APERIODIC_JOB_ARRIVAL 0.885983665015434 74
706.047132370192 APERIODIC_JOB_ARRIVAL 0.0546942244246182 89
706.603219526402 APERIODIC_JOB_ARRIVAL 1.22879342699563 52
707.179734559379 APERIODIC_JOB_ARRIVAL 1.12053820398818 38
707.683366904902 APERIODIC_JOB_ARRIVAL 0.27726384112314 5
708.678852788407 APERIODIC_JOB_ARRIVAL 0.525224804887773 41
709.095530255781 APERIODIC_JOB_ARRIVAL 0.0748233870339643 15
709.484132699918 APERIODIC_JOB_ARRIVAL 0.731508762709191 59
709.672230011327 APERIODIC_JOB_ARRIVAL 0.0558751605140772 72
711.626864612558 APERIODIC_JOB_ARRIVAL 0.107540428580378 4
712.377059304428 APERIODIC_JOB_ARRIVAL 0.206291207284866 11
714.355022114745 APERIODIC_JOB_ARRIVAL 1.07975543665807 63
715.328666274711 APERIODIC_JOB_ARRIVAL 1.22148522268365 80
715.819452310083 APERIODIC_JOB_ARRIVAL 0.191643527403422 31
715.968997582916 APERIODIC_JOB_ARRIVAL 0.392190582390567 78
716.439600340326 APERIODIC_JOB_ARRIVAL 0.278664945736397 16
717.918087754068 APERIODIC_JOB_ARRIVAL 2.15743093985822 61
718.201134810503 APERIODIC_JOB_ARRIVAL 0.307058188208005 81
721.517045068952 APERIODIC_JOB_ARRIVAL 0.665520076482995 75
722.009684616036 APERIODIC_JOB_ARRIVAL 0.48171836503819 63
722.608400349539 APERIODIC_JOB_ARRIVAL 1.14074022496023 4
724.3457375908 APERIODIC_JOB_ARRIVAL 0.987082037065519 33
725.698493854993 APERIODIC_JOB_ARRIVAL 2.0252111637149 50
725.929983215749 APERIODIC_JOB_ARRIVAL 0.266302998965377 65
725.946327602206 APERIODIC_JOB_ARRIVAL 0.504337376515376 49
727.94954128114 APERIODIC_JOB_ARRIVAL 0.42883049284523 57
728.402349242344 APERIODIC_JOB_ARRIVAL 0.0395464961663109 27
728.407255371386 APERIODIC_JOB_ARRIVAL 0.269415228613646 40
729.182306882083 APERIODIC_JOB_ARRIVAL 0.683464462206282 26
729.221990871072 APERIODIC_JOB_ARRIVAL 0.194598342993288 37
729.963470875746 APERIODIC_JOB_ARRIVAL 0.194649070534618 4
734.111660507777 APERIODIC_JOB_ARRIVAL 0.082796671080907 5
734.436782501526 APERIODIC_JOB_ARRIVAL 1.29639574064614 87
735.468275799193 APERIODIC_JOB_ARRIVAL 0.188873135515958 22
735.469364315041 APERIODIC_JOB_ARRIVAL 0.780675147220616 94
735.674681314377 APERIODIC_JOB_ARRIVAL 0.168629452541887 45
736.307211930575 APERIODIC_JOB_ARRIVAL 0.491827004370308 39
737.000781508037 APERIODIC_JOB_ARRIVAL 0.4667304755282 22
737.335168907805 APERIODIC_JOB_ARRIVAL 1.36939877426646 20
737.618601485498 APERIODIC_JOB_ARRIVAL 0.482456205814014 74
743.454445571314 APERIODIC_JOB_ARRIVAL 1.39076357897825 5
744.595012966917 APERIODIC_JOB_ARRIVAL 0.114777288623416 46
745.343129757447 APERIODIC_JOB_ARRIVAL 0.0592608742869879 92
746.345780255626 APERIODIC_JOB_ARRIVAL 0.439604101710517 35
746.805620354485 APERIODIC_JOB_ARRIVAL 0.136113754893292 51
747.301639776077 APERIODIC_JOB_ARRIVAL 0.0491341205679482 17
747.344945192314 APERIODIC_JOB_ARRIVAL 0.0113743541559473 10
748.664817106063 APERIODIC_JOB_ARRIVAL 0.48654340955194 86
749.723868772603 APERIODIC_JOB_ARRIVAL 0.662634235547381 3
749.853107678001 APERIODIC_JOB_ARRIVAL 0.298915153266563 25
750.633801335262 APERIODIC_JOB_ARRIVAL 0.595497077867005 97
751.699127165891 APERIODIC_JOB_ARRIVAL 0.0807384113328597 77
752.654168110677 APERIODIC_JOB_ARRIVAL 0.0944523374394396 36
752.675333066709 APERIODIC_JOB_ARRIVAL 0.55066704435115 66
752.879961856168 APERIODIC_JOB_ARRIVAL 0.030604412262106 90
753.825648480327 APERIODIC_JOB_ARRIVAL 1.546282060354 24
754.005481779588 APERIODIC_JOB_ARRIVAL 0.433296166648823 61
754.602414062968 APERIODIC_JOB_ARRIVAL 0.224407327483843 0
754.857159222873 APERIODIC_JOB_ARRIVAL 0.510514554631742 68
755.355360951506 APERIODIC_JOB_ARRIVAL 0.462993067156564 80
756.075703203062 APERIODIC_JOB_ARRIVAL 1.98534081623309 51
757.236064375487 APERIODIC_JOB_ARRIVAL 0.192356584433904 11
758.085476769488 APERIODIC_JOB_ARRIVAL 0.221903050012827 21
759.259434351344 APERIODIC_JOB_ARRIVAL 1.96954045315744 82
759.278108336093 APERIODIC_JOB_ARRIVAL 0.413000566264013 54
762.302486819176 APERIODIC_JOB_ARRIVAL 0.216130721025038 75
762.304126696978 APERIODIC_JOB_ARRIVAL 0.741332288082597 63
764.113329636554 APERIODIC_JOB_ARRIVAL 0.189569625998398 60
765.113995845716 APERIODIC_JOB_ARRIVAL 0.726764814332729 1
765.241259968801 APERIODIC_JOB_ARRIVAL 0.12241855863848 91
768.348567474413 APERIODIC_JOB_ARRIVAL 0.341946854060394 61
770.937939529362 APERIODIC_JOB_ARRIVAL 0.0034168467968077 90
771.122055966648 APERIODIC_JOB_ARRIVAL 0.166323614664125 80
773.143207995127 APERIODIC_JOB_ARRIVAL 0.140873524884424 38
777.538760917496 APERIODIC_JOB_ARRIVAL 0.929338496198415 12
777.962656987377 APERIODIC_JOB_ARRIVAL 0.114551782133394 76
778.201546147249 APERIODIC_JOB_ARRIVAL 0.889826278557151 85
778.723052065444 APERIODIC_JOB_ARRIVAL 1.16474969411226 8
780.393590164054 APERIODIC_JOB_ARRIVAL 0.0501808103806688 32
780.746450243676 APERIODIC_JOB_ARRIVAL 0.375539249856778 47
781.42304387789 APERIODIC_JOB_ARRIVAL 0.0275244902906576 36
782.100107019052 APERIODIC_JOB_ARRIVAL 0.311473181736506 52
783.245742735328 APERIODIC_JOB_ARRIVAL 1.73796842952929 38
783.354011551913 APERIODIC_JOB_ARRIVAL 0.241420900356268 80
785.025934742199 APERIODIC_JOB_ARRIVAL 0.634545383162988 74
785.046442805712 APERIODIC_JOB_ARRIVAL 0.00652680084228557 2
785.656261521273 APERIODIC_JOB_ARRIVAL 0.127938391364596 78
787.983295445984 APERIODIC_JOB_ARRIVAL 0.101987567412905 40
788.422661803009 APERIODIC_JOB_ARRIVAL 0.768371820514415 4
788.685736041956 APERIODIC_JOB_ARRIVAL 0.194571829641599 76
788.840829192587 APERIODIC_JOB_ARRIVAL 0.312947275487042 46
790.08975898174 APERIODIC_JOB_ARRIVAL 0.199065663035248 82
790.207791396684 APERIODIC_JOB_ARRIVAL 0.578152860697231 74
790.635697479516 APERIODIC_JOB_ARRIVAL 0.572095132024949 51
790.665196845054 APERIODIC_JOB_ARRIVAL 0.246206389483299 61
792.275744668024 APERIODIC_JOB_ARRIVAL 0.0108364105428296 45
793.134236883395 APERIODIC_JOB_ARRIVAL 0.347051443963926 32
793.621042960897 APERIODIC_JOB_ARRIVAL 0.353297957377093 30
794.619551439221 APERIODIC_JOB_ARRIVAL 1.42418772572729 9
796.894814391421 APERIODIC_JOB_ARRIVAL 0.0339721524137965 13
797.674415586903 APERIODIC_JOB_ARRIVAL 0.274825844633581 93
799.582107112856 APERIODIC_JOB_ARRIVAL 0.366688176826677 81
800.846413213502 APERIODIC_JOB_ARRIVAL 1.00253576216799 43
804.304733330884 APERIODIC_JOB_ARRIVAL 0.249349734642632 24
806.028255499504 APERIODIC_JOB_ARRIVAL 0.0855654059632831 10
806.20286885716 APERIODIC_JOB_ARRIVAL 0.324013756890593 22
806.778223622158 APERIODIC_JOB_ARRIVAL 0.156704402544306 39
810.312883001995 APERIODIC_JOB_ARRIVAL 0.415061213663811 47
810.484177551888 APERIODIC_JOB_ARRIVAL 0.443354226132392 24
811.864473200416 APERIODIC_JOB_ARRIVAL 0.892047858361356 44
812.252972508638 APERIODIC_JOB_ARRIVAL 1.15194931132644 29
812.809007749257 APERIODIC_JOB_ARRIVAL 0.45240637608465 71
813.092337892541 APERIODIC_JOB_ARRIVAL 0.1171267463715 90
813.286403128311 APERIODIC_JOB_ARRIVAL 0.209314003079765 90
813.786279018584 APERIODIC_JOB_ARRIVAL 0.784962378560057 7
814.625288971571 APERIODIC_JOB_ARRIVAL 0.192208899722317 3
817.179750457222 APERIODIC_JOB_ARRIVAL 0.294240458289634 87
819.083830674252 APERIODIC_JOB_ARRIVAL 0.314482978742586 19
819.096448788443 APERIODIC_JOB_ARRIVAL 1.93077703345484 78
819.533994198729 APERIODIC_JOB_ARRIVAL 0.0402670787166121 60
821.897336702526 APERIODIC_JOB_ARRIVAL 0.0488518614850856 7
822.559061490859 APERIODIC_JOB_ARRIVAL 0.323124106925268 30
822.891860206178 APERIODIC_JOB_ARRIVAL 1.25495871933941 51
824.505303248624 APERIODIC_JOB_ARRIVAL 0.896897978114725 49
824.890821436025 APERIODIC_JOB_ARRIVAL 0.571687526781587 16
827.83783216863 APERIODIC_JOB_ARRIVAL 0.303568107979886 20
830.045293369619 APERIODIC_JOB_ARRIVAL 0.106291940795707 14
831.571553574983 APERIODIC_JOB_ARRIVAL 0.821341320884022 7
831.838008863094 APERIODIC_JOB_ARRIVAL 0.432923146802164 71
833.70690633349 APERIODIC_JOB_ARRIVAL 1.17406098515307 17
833.85643114211 APERIODIC_JOB_ARRIVAL 1.46138217690491 3
835.516776753235 APERIODIC_JOB_ARRIVAL 0.308382301607372 73
838.895926330749 APERIODIC_JOB_ARRIVAL 0.116124290114403 71
840.894672777811 APERIODIC_JOB_ARRIVAL 0.207370933139821 34
842.10328363784 APERIODIC_JOB_ARRIVAL 0.278221197757825 83
842.296895050627 APERIODIC_JOB_ARRIVAL 0.0766037108029506 56
843.319356890641 APERIODIC_JOB_ARRIVAL 0.535598699772012 59
844.92592269385 APERIODIC_JOB_ARRIVAL 0.136891944288961 43
845.092752921852 APERIODIC_JOB_ARRIVAL 0.689902138060655 93
845.603768736616 APERIODIC_JOB_ARRIVAL 0.867361004585735 90
846.60694811803 APERIODIC_JOB_ARRIVAL 0.340194882419221 16
846.708096675468 APERIODIC_JOB_ARRIVAL 0.936817683493497 18
848.412538198363 APERIODIC_JOB_ARRIVAL 1.13671779317165 37
852.642958390583 APERIODIC_JOB_ARRIVAL 0.176461047798262 32
852.65170120892 APERIODIC_JOB_ARRIVAL 0.258067479685955 34
854.093029619191 APERIODIC_JOB_ARRIVAL 0.584489865785814 13
855.260281551815 APERIODIC_JOB_ARRIVAL 0.597837139077801 42
855.501597259634 APERIODIC_JOB_ARRIVAL 0.766277385226576 13
857.476784314804 APERIODIC_JOB_ARRIVAL 0.712709266016341 88
858.491357483305 APERIODIC_JOB_ARRIVAL 0.180400314688558 21
858.894262419086 APERIODIC_JOB_ARRIVAL 0.135044718997771 54
863.858658736093 APERIODIC_JOB_ARRIVAL 0.133823361568417 31
864.89390322808 APERIODIC_JOB_ARRIVAL 0.0016228877397644 46
865.109633982366 APERIODIC_JOB_ARRIVAL 0.272671331718801 89
866.047208361451 APERIODIC_JOB_ARRIVAL 1.40152036353983 42
867.07900217434 APERIODIC_JOB_ARRIVAL 0.540383874270704 91
867.14678316126 APERIODIC_JOB_ARRIVAL 0.0355498112568695 54
867.669757986422 APERIODIC_JOB_ARRIVAL 1.50462918595364 23
869.721255862358 APERIODIC_JOB_ARRIVAL 0.0940017972445628 14
869.745129235545 APERIODIC_JOB_ARRIVAL 0.435636898385077 51
873.121069265962 APERIODIC_JOB_ARRIVAL 1.03222477870535 6
873.940573450925 APERIODIC_JOB_ARRIVAL 0.17792216479213 76
876.474958817018 APERIODIC_JOB_ARRIVAL 1.11938256762971 65
877.021857968969 APERIODIC_JOB_ARRIVAL 0.0965167523899664 0
878.722459808585 APERIODIC_JOB_ARRIVAL 0.0752462718452555 35
879.232694397924 APERIODIC_JOB_ARRIVAL 0.0312598280103904 90
879.92979314503 APERIODIC_JOB_ARRIVAL 0.351020330241739 92
880.356982074641 APERIODIC_JOB_ARRIVAL 1.18718733618488 65
883.992226703719 APERIODIC_JOB_ARRIVAL 0.401611890486904 43
885.010521126739 APERIODIC_JOB_ARRIVAL 0.787061380724795 69
885.619360456972 APERIODIC_JOB_ARRIVAL 0.456842587207109 81
886.542413151179 APERIODIC_JOB_ARRIVAL 0.204746239829339 42
887.781114181136 APERIODIC_JOB_ARRIVAL 0.284631178351392 22
888.376132547818 APERIODIC_JOB_ARRIVAL 0.345170044526304 10
889.998890703696 APERIODIC_JOB_ARRIVAL 1.23747162326825 39
891.892336477228 APERIODIC_JOB_ARRIVAL 0.299478834563606 96
892.258102762762 APERIODIC_JOB_ARRIVAL 0.826886557441431 75
892.789208514124 APERIODIC_JOB_ARRIVAL 0.399323672524989 18
892.85467481693 APERIODIC_JOB_ARRIVAL 0.163434207509041 62
893.329966472422 APERIODIC_JOB_ARRIVAL 0.1237289418161 88
897.274639747832 APERIODIC_JOB_ARRIVAL 0.871506563714993 44
897.552577110187 APERIODIC_JOB_ARRIVAL 0.0790561206605973 36
901.951059026019 APERIODIC_JOB_ARRIVAL 0.858902833701336 66
903.486206672378 APERIODIC_JOB_ARRIVAL 0.0766963334230252 54
904.012625647787 APERIODIC_JOB_ARRIVAL 0.0751524430546511 53
904.806454347728 APERIODIC_JOB_ARRIVAL 1.49265122973603 94
905.615304793525 APERIODIC_JOB_ARRIVAL 0.13794836536024 91
908.131576166816 APERIODIC_JOB_ARRIVAL 0.233980322642226 57
909.756629619906 APERIODIC_JOB_ARRIVAL 1.20420796781652 39
913.633826268847 APERIODIC_JOB_ARRIVAL 0.198913898135579 58
914.743804115458 APERIODIC_JOB_ARRIVAL 0.165420855892454 43
915.952734996317 APERIODIC_JOB_ARRIVAL 0.347759647394726 34
916.080160677256 APERIODIC_JOB_ARRIVAL 0.454079816392945 73
916.374659088934 APERIODIC_JOB_ARRIVAL 0.501025656892845 35
916.849024897849 APERIODIC_JOB_ARRIVAL 2.32663978458859 23
917.079117015155 APERIODIC_JOB_ARRIVAL 0.180552184766472 37
919.673408268237 APERIODIC_JOB_ARRIVAL 0.742200293193712 49
921.235589590461 APERIODIC_JOB_ARRIVAL 0.0805063841948397 95
922.223637237898 APERIODIC_JOB_ARRIVAL 0.645615950071035 82
924.12626823182 APERIODIC_JOB_ARRIVAL 0.708833966285882 92
925.354605520129 APERIODIC_JOB_ARRIVAL 0.490946154464919 47
925.361694826013 APERIODIC_JOB_ARRIVAL 0.822269949706331 23
926.743464171387 APERIODIC_JOB_ARRIVAL 0.0930800204414265 60
927.510007926724 APERIODIC_JOB_ARRIVAL 0.141382397537053 78
927.574626151751 APERIODIC_JOB_ARRIVAL 0.708812966825542 39
929.349044987843 APERIODIC_JOB_ARRIVAL 0.24666079182847 59
930.457970119357 APERIODIC_JOB_ARRIVAL 1.50790663083643 74
930.628826150628 APERIODIC_JOB_ARRIVAL 0.166989474832828 45
930.808525636952 APERIODIC_JOB_ARRIVAL 0.212873635376228 88
931.32251303382 APERIODIC_JOB_ARRIVAL 0.910632164046942 18
932.61171785386 APERIODIC_JOB_ARRIVAL 0.608514328334472 24
932.792079092759 APERIODIC_JOB_ARRIVAL 0.124092206468339 12
933.039544488574 APERIODIC_JOB_ARRIVAL 0.403729437887486 4
934.12501008769 APERIODIC_JOB_ARRIVAL 0.231948462596545 38
934.765952158673 APERIODIC_JOB_ARRIVAL 0.584657347137722 90
935.625037908791 APERIODIC_JOB_ARRIVAL 0.0964564720437541 57
935.965687730611 APERIODIC_JOB_ARRIVAL 0.316482273499551 57
936.151529336292 APERIODIC_JOB_ARRIVAL 0.272140079675634 45
936.737305971789 APERIODIC_JOB_ARRIVAL 0.15386546309492 60
937.063701075425 APERIODIC_JOB_ARRIVAL 0.0183302720755894 86
938.993219065359 APERIODIC_JOB_ARRIVAL 0.550382212641183 26
939.387866982768 APERIODIC_JOB_ARRIVAL 1.34431640131832 2
943.098144802563 APERIODIC_JOB_ARRIVAL 0.593159552810008 59
943.635522545481 APERIODIC_JOB_ARRIVAL 0.425688863703274 19
945.52787925429 APERIODIC_JOB_ARRIVAL 0.714993142574604 54
945.620198561756 APERIODIC_JOB_ARRIVAL 0.204720726527426 22
946.351690314568 APERIODIC_JOB_ARRIVAL 1.34936679879099 94
946.621042502623 APERIODIC_JOB_ARRIVAL 0.72055101400948 14
947.449219231987 APERIODIC_JOB_ARRIVAL 0.0353153077116472 87
947.710938071778 APERIODIC_JOB_ARRIVAL 0.275376505845838 39
948.909412328522 APERIODIC_JOB_ARRIVAL 0.0671233581983657 4
951.650813813009 APERIODIC_JOB_ARRIVAL 0.0336384296349938 28
953.798601740143 APERIODIC_JOB_ARRIVAL 0.732985541227576 79
954.184828794571 APERIODIC_JOB_ARRIVAL 0.462603024566638 55
954.560109235872 APERIODIC_JOB_ARRIVAL 0.553542679358265 24
956.177756023426 APERIODIC_JOB_ARRIVAL 0.923255138599843 70
957.325324381764 APERIODIC_JOB_ARRIVAL 0.441747381345048 49
958.709926572389 APERIODIC_JOB_ARRIVAL 0.237245034693619 54
958.807754175087 APERIODIC_JOB_ARRIVAL 0.615160390425868 83
959.183160001179 APERIODIC_JOB_ARRIVAL 0.149029847893927 15
961.610363852652 APERIODIC_JOB_ARRIVAL 0.123124072382671 76
962.177056968189 APERIODIC_JOB_ARRIVAL 0.36234219247698 63
963.023698638148 APERIODIC_JOB_ARRIVAL 1.96264127169686 27
964.614524857254 APERIODIC_JOB_ARRIVAL 0.863582045155105 95
964.619022795487 APERIODIC_JOB_ARRIVAL 0.222894930540302 59
964.802705842068 APERIODIC_JOB_ARRIVAL 0.142750041786531 96
966.28253152528 APERIODIC_JOB_ARRIVAL 1.28146752469555 64
967.831874218099 APERIODIC_JOB_ARRIVAL 0.221466074662931 98
968.800587061821 APERIODIC_JOB_ARRIVAL 0.156715921133922 35
968.914853336123 APERIODIC_JOB_ARRIVAL 1.00543787293658 85
969.964089558035 APERIODIC_JOB_ARRIVAL 1.06361682668759 1
970.441643383026 APERIODIC_JOB_ARRIVAL 0.285523362262181 87
971.132712863969 APERIODIC_JOB_ARRIVAL 0.245827233977715 45
971.565990962014 APERIODIC_JOB_ARRIVAL 0.235522408651328 10
971.824237289079 APERIODIC_JOB_ARRIVAL 0.125878603873016 49
972.65564418718 APERIODIC_JOB_ARRIVAL 0.217639735803583 36
973.008633964264 APERIODIC_JOB_ARRIVAL 0.429533256675343 37
973.38721511066 APERIODIC_JOB_ARRIVAL 0.241821207221614 93
973.766116774658 APERIODIC_JOB_ARRIVAL 0.0222807263693599 84
976.14227561123 APERIODIC_JOB_ARRIVAL 0.315929252687622 86
977.433940337898 APERIODIC_JOB_ARRIVAL 0.00762167454234175 4
977.779611647602 APERIODIC_JOB_ARRIVAL 0.0422446490410937 16
978.279403031238 APERIODIC_JOB_ARRIVAL 0.0058791274183788 3
979.887796146106 APERIODIC_JOB_ARRIVAL 0.0705802351829107 27
979.960933211391 APERIODIC_JOB_ARRIVAL 0.874269205955373 37
980.548947785775 APERIODIC_JOB_ARRIVAL 0.07978485409005 24
982.427833940334 APERIODIC_JOB_ARRIVAL 0.67876271003222 13
982.490490067397 APERIODIC_JOB_ARRIVAL 0.532106804199477 87
982.912790722114 APERIODIC_JOB_ARRIVAL 1.05346883188592 0
983.426491617114 APERIODIC_JOB_ARRIVAL 0.389043626540725 50
983.599191284666 APERIODIC_JOB_ARRIVAL 1.14240590168488 66
984.950267149446 APERIODIC_JOB_ARRIVAL 0.501798682178222 71
986.289561297649 APERIODIC_JOB_ARRIVAL 0.101752011064125 39
987.409768767014 APERIODIC_JOB_ARRIVAL 0.36764357748782 84
989.977872131289 APERIODIC_JOB_ARRIVAL 1.7483874561061 22
991.203312678198 APERIODIC_JOB_ARRIVAL 0.391038282532542 25
993.546158185419 APERIODIC_JOB_ARRIVAL 0.531058867062989 24
993.769783799689 APERIODIC_JOB_ARRIVAL 0.924040348962384 50
994.922656496368 APERIODIC_JOB_ARRIVAL 0.303237435853799 61
996.813371510814 APERIODIC_JOB_ARRIVAL 1.00854587682741 85
998.140518890064 APERIODIC_JOB_ARRIVAL 0.934359557150952 8
998.993716832373 APERIODIC_JOB_ARRIVAL 1.01404222381945 95
999.727624978281 APERIODIC_JOB_ARRIVAL 0.917498887555149 80
1000.84517281974 APERIODIC_JOB_ARRIVAL 0.0301485990468851 38
