0.295008847756301 APERIODIC_JOB_ARRIVAL 1.06018657985104 35
2.49246591011762 APERIODIC_JOB_ARRIVAL 0.85332759867757 62
5.0044004917393 APERIODIC_JOB_ARRIVAL 0.153420487607513 51
5.69995171530821 APERIODIC_JOB_ARRIVAL 0.729078034360929 61
6.0698386338407 APERIODIC_JOB_ARRIVAL 0.179002078540926 38
6.8400832225315 APERIODIC_JOB_ARRIVAL 0.54331972168804 90
7.46749367335771 APERIODIC_JOB_ARRIVAL 3.61736246460779 83
7.7291025692364 APERIODIC_JOB_ARRIVAL 0.503844057987476 76
7.82469676050227 APERIODIC_JOB_ARRIVAL 0.707460096135991 98
8.44833700692875 APERIODIC_JOB_ARRIVAL 0.692789392520518 53
9.27470130531924 APERIODIC_JOB_ARRIVAL 1.04023723775518 43
9.35599576156551 APERIODIC_JOB_ARRIVAL 2.77883622319596 42
9.50694179566492 APERIODIC_JOB_ARRIVAL 0.0281256784828461 81
9.67075129313377 APERIODIC_JOB_ARRIVAL 1.36502500443579 21
11.2516717008884 APERIODIC_JOB_ARRIVAL 2.31204105718083 20
12.4494308217971 APERIODIC_JOB_ARRIVAL 0.313620425506735 69
15.3426575258937 APERIODIC_JOB_ARRIVAL 1.28181889177848 76
16.5813204937011 APERIODIC_JOB_ARRIVAL 0.56394178874288 11
16.7377691321639 APERIODIC_JOB_ARRIVAL 1.51669016757987 71
16.9587519579828 APERIODIC_JOB_ARRIVAL 0.200279795263761 20
18.5020068285962 APERIODIC_JOB_ARRIVAL 2.39788668713683 40
19.0868841530681 APERIODIC_JOB_ARRIVAL 0.638318788768483 55
19.2329264034625 APERIODIC_JOB_ARRIVAL 0.0684860093245759 84
21.2064963427235 APERIODIC_JOB_ARRIVAL 0.601873487261002 83
21.8619244522548 APERIODIC_JOB_ARRIVAL 1.21362839101586 90
23.0298217764142 APERIODIC_JOB_ARRIVAL 0.767245371207609 34
24.684057697275 APERIODIC_JOB_ARRIVAL 1.97766307491893 44
26.069522439471 APERIODIC_JOB_ARRIVAL 0.613676092858767 70
28.7295861459574 APERIODIC_JOB_ARRIVAL 0.677774656688804 99
28.9367675454146 APERIODIC_JOB_ARRIVAL 0.0580485471746686 83
29.3117892906059 APERIODIC_JOB_ARRIVAL 1.24359675258499 2
30.6570451903692 APERIODIC_JOB_ARRIVAL 4.5085751460697 18
31.1364369986988 APERIODIC_JOB_ARRIVAL 0.891915575729391 78
31.852855579327 APERIODIC_JOB_ARRIVAL 0.610092579888654 65
33.3161156095334 APERIODIC_JOB_ARRIVAL 0.173190782564997 15
34.3784934332482 APERIODIC_JOB_ARRIVAL 0.477191786152472 58
36.3090953502555 APERIODIC_JOB_ARRIVAL 0.543839987039627 30
38.1735004088446 APERIODIC_JOB_ARRIVAL 1.38749916964315 29
38.24730725029 APERIODIC_JOB_ARRIVAL 1.52458016435027 70
38.4469123278851 APERIODIC_JOB_ARRIVAL 0.254283964789455 55
38.9346446369896 APERIODIC_JOB_ARRIVAL 0.193108090800155 2
39.4117319876063 APERIODIC_JOB_ARRIVAL 1.36242715010286 40
39.8967175333209 APERIODIC_JOB_ARRIVAL 2.25082036155962 79
39.9565103354545 APERIODIC_JOB_ARRIVAL 2.05037551051829 54
40.5671510103138 APERIODIC_JOB_ARRIVAL 0.482616257692542 89
40.5797341780018 APERIODIC_JOB_ARRIVAL 3.30300151092634 25
40.8829226550686 APERIODIC_JOB_ARRIVAL 0.512478453004796 91
42.1473306810777 APERIODIC_JOB_ARRIVAL 0.181264618699857 87
42.6382811906339 APERIODIC_JOB_ARRIVAL 2.37757494948969 52
43.9619554659174 APERIODIC_JOB_ARRIVAL 0.530562962324612 20
44.8931995275495 APERIODIC_JOB_ARRIVAL 0.107040753679366 51
44.9666534284887 APERIODIC_JOB_ARRIVAL 1.33063500947527 69
45.42974366399 APERIODIC_JOB_ARRIVAL 1.50622006351727 82
45.5991269911448 APERIODIC_JOB_ARRIVAL 0.0474268341463562 2
45.6499138025181 APERIODIC_JOB_ARRIVAL 0.503600106606874 85
46.3339018875706 APERIODIC_JOB_ARRIVAL 0.295540015221701 72
46.8287384373239 APERIODIC_JOB_ARRIVAL 2.01793769348054 40
46.8865090192656 APERIODIC_JOB_ARRIVAL 1.55065209163167 95
48.4874416862818 APERIODIC_JOB_ARRIVAL 0.846948315126316 93
48.8240250756758 APERIODIC_JOB_ARRIVAL 2.95209904595575 36
49.3497996435225 APERIODIC_JOB_ARRIVAL 0.991232981719611 74
50.1500457947805 APERIODIC_JOB_ARRIVAL 1.149568139001 96
50.9392691050072 APERIODIC_JOB_ARRIVAL 3.66593480663334 83
53.0477720194167 APERIODIC_JOB_ARRIVAL 1.03970437044483 46
55.5103096905257 APERIODIC_JOB_ARRIVAL 0.303903691643626 48
56.4596847690666 APERIODIC_JOB_ARRIVAL 0.927232331712299 29
57.6967943418758 APERIODIC_JOB_ARRIVAL 5.01226659348134 94
57.7567375095762 APERIODIC_JOB_ARRIVAL 0.799572996049698 71
58.0669346288817 APERIODIC_JOB_ARRIVAL 0.284047214951378 42
58.1662859079443 APERIODIC_JOB_ARRIVAL 0.971132269925906 37
62.9266006629425 APERIODIC_JOB_ARRIVAL 0.607964141607147 2
63.0162296373087 APERIODIC_JOB_ARRIVAL 1.08779362939556 52
63.2105494385338 APERIODIC_JOB_ARRIVAL 1.60948499348756 75
63.4204432619187 APERIODIC_JOB_ARRIVAL 0.00425784448004802 57
63.5213087384655 APERIODIC_JOB_ARRIVAL 3.03329187449348 30
63.8426569601741 APERIODIC_JOB_ARRIVAL 1.75220619270766 83
64.0498484813544 APERIODIC_JOB_ARRIVAL 1.85033459047263 14
64.573459232114 APERIODIC_JOB_ARRIVAL 0.349149286621754 63
65.0597585346751 APERIODIC_JOB_ARRIVAL 1.38120384075168 47
68.3513854937012 APERIODIC_JOB_ARRIVAL 3.59808830674666 52
68.4608264117023 APERIODIC_JOB_ARRIVAL 0.0448914178998495 7
69.3799949668508 APERIODIC_JOB_ARRIVAL 2.11194833291576 72
69.6807116234429 APERIODIC_JOB_ARRIVAL 0.588341717182608 49
69.7800525713462 APERIODIC_JOB_ARRIVAL 0.0336050966475268 24
69.8201360944801 APERIODIC_JOB_ARRIVAL 0.0726632910248595 46
70.3205475375884 APERIODIC_JOB_ARRIVAL 1.19341492274865 95
70.5303011122244 APERIODIC_JOB_ARRIVAL 2.44408369416682 4
71.9106063612697 APERIODIC_JOB_ARRIVAL 1.18903470185203 43
71.9338870995032 APERIODIC_JOB_ARRIVAL 0.776769251298314 93
72.6939715177721 APERIODIC_JOB_ARRIVAL 1.56565376719962 67
73.4279711116048 APERIODIC_JOB_ARRIVAL 0.0864512736542677 61
75.6346198520672 APERIODIC_JOB_ARRIVAL 2.16849465610775 91
75.6417725430058 APERIODIC_JOB_ARRIVAL 0.190545113694229 20
75.8357298715627 APERIODIC_JOB_ARRIVAL 0.771423695876237 62
76.5319868524169 APERIODIC_JOB_ARRIVAL 0.0166235284876218 99
77.1072056943002 APERIODIC_JOB_ARRIVAL 0.686431410479281 86
77.9973090626241 APERIODIC_JOB_ARRIVAL 0.509854274237431 18
82.394038690748 APERIODIC_JOB_ARRIVAL 0.364988069580003 99
82.8569843976953 APERIODIC_JOB_ARRIVAL 0.0443818066570018 30
83.3201597704332 APERIODIC_JOB_ARRIVAL 1.08677383025599 29
85.1443468934805 APERIODIC_JOB_ARRIVAL 0.316403104620614 68
85.2265078770452 APERIODIC_JOB_ARRIVAL 0.637383113142902 45
86.9931536182766 APERIODIC_JOB_ARRIVAL 0.171842875247162 55
87.0947617583838 APERIODIC_JOB_ARRIVAL 0.381187832977208 17
87.4230151199796 APERIODIC_JOB_ARRIVAL 0.790652015431191 83
87.9420000803277 APERIODIC_JOB_ARRIVAL 0.707653787823689 10
89.7777749996504 APERIODIC_JOB_ARRIVAL 0.881274482318025 0
90.7448636067197 APERIODIC_JOB_ARRIVAL 0.677326883768025 95
91.1826228033229 APERIODIC_JOB_ARRIVAL 2.51341247529633 49
91.2524713076168 APERIODIC_JOB_ARRIVAL 5.07373484415821 89
91.6845462614978 APERIODIC_JOB_ARRIVAL 0.403076933043688 73
91.9601199654485 APERIODIC_JOB_ARRIVAL 0.399938376363445 14
92.7120640385269 APERIODIC_JOB_ARRIVAL 1.89899455923053 49
92.9599214650605 APERIODIC_JOB_ARRIVAL 0.110242293288102 13
93.3434148803415 APERIODIC_JOB_ARRIVAL 0.948260925525566 96
94.0811212845213 APERIODIC_JOB_ARRIVAL 0.291716473034529 70
95.1757113691484 APERIODIC_JOB_ARRIVAL 3.3228379341826 50
96.9085874492858 APERIODIC_JOB_ARRIVAL 0.322559131478858 21
97.2742640423833 APERIODIC_JOB_ARRIVAL 0.693448187649251 98
97.4045793068324 APERIODIC_JOB_ARRIVAL 0.388663574153984 15
97.7998346520322 APERIODIC_JOB_ARRIVAL 2.19470199887388 11
98.3531469106159 APERIODIC_JOB_ARRIVAL 0.322066320864226 27
100.266015842576 APERIODIC_JOB_ARRIVAL 0.792138309424312 79
101.952080632683 APERIODIC_JOB_ARRIVAL 0.206828238862787 49
102.304168374671 APERIODIC_JOB_ARRIVAL 0.491380917297554 77
102.755189700062 APERIODIC_JOB_ARRIVAL 0.0570066635487629 39
105.020852358106 APERIODIC_JOB_ARRIVAL 0.0651241060475338 69
105.795402211198 APERIODIC_JOB_ARRIVAL 0.694476152293354 31
107.757531060978 APERIODIC_JOB_ARRIVAL 4.28150732500907 87
108.303036579927 APERIODIC_JOB_ARRIVAL 0.300083045620616 27
109.458825602879 APERIODIC_JOB_ARRIVAL 0.92921754845398 65
110.828643721381 APERIODIC_JOB_ARRIVAL 0.100884629714364 37
111.017430756344 APERIODIC_JOB_ARRIVAL 0.969605893790805 53
113.105265994996 APERIODIC_JOB_ARRIVAL 0.349812289684849 77
114.894501198561 APERIODIC_JOB_ARRIVAL 0.894756659690677 48
115.630617389846 APERIODIC_JOB_ARRIVAL 0.65782454395397 93
116.342493122093 APERIODIC_JOB_ARRIVAL 1.77422291057714 49
116.554124444772 APERIODIC_JOB_ARRIVAL 0.342178777321911 34
117.332715388628 APERIODIC_JOB_ARRIVAL 0.21750300309457 11
117.395617815959 APERIODIC_JOB_ARRIVAL 1.33697060348853 19
117.558487134141 APERIODIC_JOB_ARRIVAL 0.692890537058378 46
117.774620502987 APERIODIC_JOB_ARRIVAL 0.336839096061144 75
118.329055180122 APERIODIC_JOB_ARRIVAL 0.783336837170994 94
123.357649405334 APERIODIC_JOB_ARRIVAL 2.94247874511523 21
123.703450790213 APERIODIC_JOB_ARRIVAL 1.62555062368612 48
124.644188178988 APERIODIC_JOB_ARRIVAL 0.473496277041961 61
127.167061638576 APERIODIC_JOB_ARRIVAL 4.03871546812591 47
128.822943730997 APERIODIC_JOB_ARRIVAL 1.68508177010658 0
129.669306947616 APERIODIC_JOB_ARRIVAL 2.18884170015105 94
129.737048859366 APERIODIC_JOB_ARRIVAL 0.499161304847366 80
131.564060960272 APERIODIC_JOB_ARRIVAL 0.298991500875858 8
131.891191831515 APERIODIC_JOB_ARRIVAL 0.241675997531177 15
132.71050866062 APERIODIC_JOB_ARRIVAL 1.59820059351135 79
133.239893283388 APERIODIC_JOB_ARRIVAL 0.0896125019780731 1
133.777509726154 APERIODIC_JOB_ARRIVAL 2.38280229581415 3
133.990287126034 APERIODIC_JOB_ARRIVAL 1.00067926910678 31
133.993205142327 APERIODIC_JOB_ARRIVAL 0.994737002457468 99
134.14957416749 APERIODIC_JOB_ARRIVAL 0.882099881369144 71
136.572245245308 APERIODIC_JOB_ARRIVAL 0.659178483822249 74
136.613437373806 APERIODIC_JOB_ARRIVAL 1.35106530249415 96
137.369222817756 APERIODIC_JOB_ARRIVAL 0.202155047281147 5
137.496634917918 APERIODIC_JOB_ARRIVAL 0.267906916786214 12
139.206443935936 APERIODIC_JOB_ARRIVAL 0.205276586022734 50
139.782223832646 APERIODIC_JOB_ARRIVAL 0.44198659207566 54
139.941009729088 APERIODIC_JOB_ARRIVAL 0.420613878432925 4
140.412012370803 APERIODIC_JOB_ARRIVAL 0.724708289231514 98
141.511089550563 APERIODIC_JOB_ARRIVAL 0.337129614821345 79
141.53127147993 APERIODIC_JOB_ARRIVAL 0.316209273815846 52
146.233898812127 APERIODIC_JOB_ARRIVAL 0.227276996618214 46
150.453401239105 APERIODIC_JOB_ARRIVAL 0.292400133683278 35
151.171431303786 APERIODIC_JOB_ARRIVAL 0.031440986738633 69
151.742129290478 APERIODIC_JOB_ARRIVAL 0.579372455549663 41
152.638522450403 APERIODIC_JOB_ARRIVAL 0.237247069286007 80
152.831956571965 APERIODIC_JOB_ARRIVAL 1.22856822524008 57
153.365051534481 APERIODIC_JOB_ARRIVAL 0.00385700747949472 71
154.512632215346 APERIODIC_JOB_ARRIVAL 0.146442815955379 63
154.761900707321 APERIODIC_JOB_ARRIVAL 2.82429960315659 77
156.010630408571 APERIODIC_JOB_ARRIVAL 0.796409442458512 62
156.565219922248 APERIODIC_JOB_ARRIVAL 1.13817648293176 7
157.473527779929 APERIODIC_JOB_ARRIVAL 0.962552750590592 14
159.548891974184 APERIODIC_JOB_ARRIVAL 1.59161409904511 76
160.459081504109 APERIODIC_JOB_ARRIVAL 0.213859769428441 41
160.517561611862 APERIODIC_JOB_ARRIVAL 1.0136167996992 3
161.47339139311 APERIODIC_JOB_ARRIVAL 3.68321161441641 24
165.441889372751 APERIODIC_JOB_ARRIVAL 1.02810884323589 7
166.202765122698 APERIODIC_JOB_ARRIVAL 0.160986101305348 22
167.025158277229 APERIODIC_JOB_ARRIVAL 4.11149313326708 87
167.245702487676 APERIODIC_JOB_ARRIVAL 0.892030206667791 61
167.284180705006 APERIODIC_JOB_ARRIVAL 0.826643993449038 30
167.760140141235 APERIODIC_JOB_ARRIVAL 0.933800495473913 54
167.784927621506 APERIODIC_JOB_ARRIVAL 2.13358829291684 61
168.130857952045 APERIODIC_JOB_ARRIVAL 1.82655220973451 63
168.277167382483 APERIODIC_JOB_ARRIVAL 0.0480455128088264 37
170.574668019413 APERIODIC_JOB_ARRIVAL 0.645849437454203 66
172.430993973965 APERIODIC_JOB_ARRIVAL 0.75233365781694 78
172.599800546208 APERIODIC_JOB_ARRIVAL 0.281009979062184 95
173.630875038006 APERIODIC_JOB_ARRIVAL 0.813417186523738 26
174.440415164152 APERIODIC_JOB_ARRIVAL 0.953896246884654 79
177.077806588294 APERIODIC_JOB_ARRIVAL 0.908464193333846 86
177.890432320286 APERIODIC_JOB_ARRIVAL 0.609305643129817 50
178.149788053418 APERIODIC_JOB_ARRIVAL 4.16598550893427 7
180.195697955601 APERIODIC_JOB_ARRIVAL 0.0324544153527414 69
181.932609548709 APERIODIC_JOB_ARRIVAL 0.220719092795804 52
186.415524473321 APERIODIC_JOB_ARRIVAL 0.0654966325637808 7
189.111346688461 APERIODIC_JOB_ARRIVAL 0.686296179605853 42
189.161133014224 APERIODIC_JOB_ARRIVAL 0.162054770814132 12
191.130929931886 APERIODIC_JOB_ARRIVAL 0.685793279842023 20
193.74002385629 APERIODIC_JOB_ARRIVAL 0.124342246239836 35
193.831861126909 APERIODIC_JOB_ARRIVAL 0.566856409019977 84
196.828718788228 APERIODIC_JOB_ARRIVAL 0.357377241921295 68
197.469579030798 APERIODIC_JOB_ARRIVAL 0.767096183199911 71
198.046890358002 APERIODIC_JOB_ARRIVAL 0.072973506116699 29
198.929481280797 APERIODIC_JOB_ARRIVAL 0.23519142051588 45
199.446344614841 APERIODIC_JOB_ARRIVAL 1.7865267665583 26
202.497021469066 APERIODIC_JOB_ARRIVAL 0.431472620983711 59
203.377445662319 APERIODIC_JOB_ARRIVAL 0.602107571600211 46
203.724788616704 APERIODIC_JOB_ARRIVAL 1.53960583392091 58
206.578215013408 APERIODIC_JOB_ARRIVAL 0.220092660639915 14
206.687423491686 APERIODIC_JOB_ARRIVAL 0.430690280053339 85
210.322164465853 APERIODIC_JOB_ARRIVAL 0.60050238441421 96
210.657443317512 APERIODIC_JOB_ARRIVAL 0.145969449534791 11
211.535314927664 APERIODIC_JOB_ARRIVAL 0.990676057357533 25
212.428720640112 APERIODIC_JOB_ARRIVAL 2.53449097546594 73
213.483577194527 APERIODIC_JOB_ARRIVAL 0.133838638080774 61
213.553091542456 APERIODIC_JOB_ARRIVAL 3.04114540195256 36
213.672882448368 APERIODIC_JOB_ARRIVAL 1.95706707529944 6
213.848905794239 APERIODIC_JOB_ARRIVAL 0.601459832734891 40
214.031452376686 APERIODIC_JOB_ARRIVAL 1.24350252353558 68
214.045718793536 APERIODIC_JOB_ARRIVAL 0.472268267941639 76
214.749835798933 APERIODIC_JOB_ARRIVAL 0.693643892868633 95
215.290579308806 APERIODIC_JOB_ARRIVAL 0.687974498479064 29
215.388114857864 APERIODIC_JOB_ARRIVAL 0.0995257652740825 17
217.897486612095 APERIODIC_JOB_ARRIVAL 1.02001632213049 59
219.078998420705 APERIODIC_JOB_ARRIVAL 0.834932767824211 32
219.609992097404 APERIODIC_JOB_ARRIVAL 0.516421864799338 24
220.72539997287 APERIODIC_JOB_ARRIVAL 3.78167457287988 68
222.438269970784 APERIODIC_JOB_ARRIVAL 0.674409688652974 52
223.682940235572 APERIODIC_JOB_ARRIVAL 1.09296790253439 62
223.696457685326 APERIODIC_JOB_ARRIVAL 1.25024908151088 49
224.182237285924 APERIODIC_JOB_ARRIVAL 0.0623374925640965 27
224.309785407249 APERIODIC_JOB_ARRIVAL 2.48248800075387 83
225.05780000575 APERIODIC_JOB_ARRIVAL 0.190227886400477 40
226.542797489112 APERIODIC_JOB_ARRIVAL 1.33256546904721 97
226.872552820202 APERIODIC_JOB_ARRIVAL 1.79252743864382 29
227.481710911984 APERIODIC_JOB_ARRIVAL 6.13776513894263 67
227.954091806406 APERIODIC_JOB_ARRIVAL 1.38743460870641 17
230.14161808048 APERIODIC_JOB_ARRIVAL 0.0096685868073592 54
231.623694506375 APERIODIC_JOB_ARRIVAL 0.279081748109464 10
233.394818962016 APERIODIC_JOB_ARRIVAL 1.80913618268304 96
233.901262985944 APERIODIC_JOB_ARRIVAL 0.265066235486957 4
235.590189929374 APERIODIC_JOB_ARRIVAL 3.35257799929014 80
235.930803234709 APERIODIC_JOB_ARRIVAL 1.83702200313047 68
236.073946411369 APERIODIC_JOB_ARRIVAL 0.363643161063164 4
236.833615191932 APERIODIC_JOB_ARRIVAL 2.29045677055153 70
237.024102252549 APERIODIC_JOB_ARRIVAL 2.46684226908093 0
238.373775654692 APERIODIC_JOB_ARRIVAL 0.808719194228087 69
238.968643533218 APERIODIC_JOB_ARRIVAL 1.616434620374 58
239.374963833622 APERIODIC_JOB_ARRIVAL 1.55751619702069 71
240.514035741429 APERIODIC_JOB_ARRIVAL 0.472597073318571 9
240.681635188144 APERIODIC_JOB_ARRIVAL 0.742435889653657 25
241.046077734133 APERIODIC_JOB_ARRIVAL 0.834991873697365 54
241.280739540872 APERIODIC_JOB_ARRIVAL 0.998344370270112 41
241.449401836429 APERIODIC_JOB_ARRIVAL 0.0956592603313655 9
241.491341636961 APERIODIC_JOB_ARRIVAL 1.99736800156344 60
242.219158754299 APERIODIC_JOB_ARRIVAL 2.63922772033531 94
244.919252040082 APERIODIC_JOB_ARRIVAL 0.63951605429906 91
247.757763947041 APERIODIC_JOB_ARRIVAL 0.575513881276204 75
247.955931195222 APERIODIC_JOB_ARRIVAL 0.787429961965324 36
248.185286054644 APERIODIC_JOB_ARRIVAL 0.920444586634937 4
250.414413816073 APERIODIC_JOB_ARRIVAL 0.0558949800305413 95
251.154656712848 APERIODIC_JOB_ARRIVAL 1.15193016151779 27
251.657569428514 APERIODIC_JOB_ARRIVAL 2.13286711194981 39
251.941683700874 APERIODIC_JOB_ARRIVAL 0.783901561572039 75
252.62105960023 APERIODIC_JOB_ARRIVAL 0.43494877330003 80
253.706561865089 APERIODIC_JOB_ARRIVAL 0.309608120162228 2
254.88551936544 APERIODIC_JOB_ARRIVAL 0.45867822880529 31
255.729048772959 APERIODIC_JOB_ARRIVAL 2.53831868839939 26
256.361898280031 APERIODIC_JOB_ARRIVAL 1.05091936599881 86
260.536881459277 APERIODIC_JOB_ARRIVAL 0.729806649739781 90
261.794547817136 APERIODIC_JOB_ARRIVAL 2.32457472431498 87
262.480696966145 APERIODIC_JOB_ARRIVAL 1.06957024487687 58
263.185172490241 APERIODIC_JOB_ARRIVAL 1.35153106600887 60
264.259290038584 APERIODIC_JOB_ARRIVAL 0.713312321865185 36
267.474215458301 APERIODIC_JOB_ARRIVAL 0.833817812750335 66
268.910130075487 APERIODIC_JOB_ARRIVAL 0.736653773179651 49
269.784273309141 APERIODIC_JOB_ARRIVAL 1.7646090691629 69
270.766054361107 APERIODIC_JOB_ARRIVAL 0.182235956596584 65
271.378979008939 APERIODIC_JOB_ARRIVAL 0.503322066313449 44
272.835548067973 APERIODIC_JOB_ARRIVAL 3.39926462539943 85
274.398103253323 APERIODIC_JOB_ARRIVAL 2.03092343523046 63
275.735398599828 APERIODIC_JOB_ARRIVAL 1.02274797096254 50
277.438834123674 APERIODIC_JOB_ARRIVAL 1.01956252626654 43
277.698649715286 APERIODIC_JOB_ARRIVAL 3.31143524123162 10
277.765777241905 APERIODIC_JOB_ARRIVAL 2.27546981213632 82
277.929547285172 APERIODIC_JOB_ARRIVAL 2.1108511845005 96
278.542999545347 APERIODIC_JOB_ARRIVAL 0.22277540501504 99
279.348110011182 APERIODIC_JOB_ARRIVAL 1.42149944135481 50
279.73953612373 APERIODIC_JOB_ARRIVAL 0.116140644191267 25
280.282230698373 APERIODIC_JOB_ARRIVAL 0.539772263812615 85
281.638032159691 APERIODIC_JOB_ARRIVAL 3.07832683007965 73
281.641082020166 APERIODIC_JOB_ARRIVAL 2.06340707924648 27
283.584457826974 APERIODIC_JOB_ARRIVAL 0.155396431754123 21
285.901965500103 APERIODIC_JOB_ARRIVAL 0.00162896819680106 81
286.345976813974 APERIODIC_JOB_ARRIVAL 1.58052825028537 21
286.461052873871 APERIODIC_JOB_ARRIVAL 1.71450794912388 90
287.260831161049 APERIODIC_JOB_ARRIVAL 0.229288042939883 83
287.770148067942 APERIODIC_JOB_ARRIVAL 0.0860534134947614 80
289.625108207671 APERIODIC_JOB_ARRIVAL 0.188735930060125 75
290.813543124595 APERIODIC_JOB_ARRIVAL 2.63409027052055 45
291.717412420256 APERIODIC_JOB_ARRIVAL 0.299380988959764 56
292.03272538752 APERIODIC_JOB_ARRIVAL 0.281379957374586 48
292.684191349143 APERIODIC_JOB_ARRIVAL 2.84439980426372 36
293.304898030976 APERIODIC_JOB_ARRIVAL 0.134623972952628 60
294.579575285494 APERIODIC_JOB_ARRIVAL 1.10257773689714 42
296.065938932009 APERIODIC_JOB_ARRIVAL 0.7646848423579 72
296.083804501117 APERIODIC_JOB_ARRIVAL 0.39155744122014 30
296.274700826146 APERIODIC_JOB_ARRIVAL 2.96228659084923 38
297.768657292281 APERIODIC_JOB_ARRIVAL 0.214431211069975 55
300.290755567995 APERIODIC_JOB_ARRIVAL 0.0464735476616337 25
301.641341505917 APERIODIC_JOB_ARRIVAL 0.986589920434784 71
301.929629927825 APERIODIC_JOB_ARRIVAL 3.517612571965 86
302.720841539007 APERIODIC_JOB_ARRIVAL 0.342262643510535 14
304.223823059801 APERIODIC_JOB_ARRIVAL 0.806320419322568 50
304.486187288308 APERIODIC_JOB_ARRIVAL 0.43429867636951 34
306.632951577645 APERIODIC_JOB_ARRIVAL 0.977969596540821 75
306.813103851732 APERIODIC_JOB_ARRIVAL 0.263945919154869 17
309.379897046445 APERIODIC_JOB_ARRIVAL 1.60986946454289 96
315.52776099163 APERIODIC_JOB_ARRIVAL 0.135080112720461 25
316.716306393535 APERIODIC_JOB_ARRIVAL 1.86653682516799 24
316.971341646294 APERIODIC_JOB_ARRIVAL 0.555860104417099 4
317.778624683861 APERIODIC_JOB_ARRIVAL 1.50248701813895 11
318.884779155168 APERIODIC_JOB_ARRIVAL 1.46241646364154 5
319.579508357157 APERIODIC_JOB_ARRIVAL 0.0804452542900132 78
321.672418095095 APERIODIC_JOB_ARRIVAL 2.09433968593685 44
322.97564345216 APERIODIC_JOB_ARRIVAL 1.44833484981457 5
325.051456110677 APERIODIC_JOB_ARRIVAL 0.907593975134318 38
326.674135924372 APERIODIC_JOB_ARRIVAL 0.175817268362564 58
327.614728397379 APERIODIC_JOB_ARRIVAL 0.778162997794612 14
327.859931323814 APERIODIC_JOB_ARRIVAL 0.0443559807767383 50
328.129138637367 APERIODIC_JOB_ARRIVAL 1.62070288429505 47
328.607236427938 APERIODIC_JOB_ARRIVAL 0.197255405956082 31
328.93777939587 APERIODIC_JOB_ARRIVAL 1.68497805135953 79
329.784088505931 APERIODIC_JOB_ARRIVAL 2.19151465303173 56
333.551640576497 APERIODIC_JOB_ARRIVAL 0.813460362455336 76
334.468476135462 APERIODIC_JOB_ARRIVAL 0.986279707950331 19
334.558200903667 APERIODIC_JOB_ARRIVAL 0.139898444807456 0
334.804727204192 APERIODIC_JOB_ARRIVAL 0.358648889670019 63
335.78194308237 APERIODIC_JOB_ARRIVAL 0.16000977507954 77
339.65503491053 APERIODIC_JOB_ARRIVAL 0.558441422755878 22
340.756083878559 APERIODIC_JOB_ARRIVAL 0.0531347911398568 2
342.070051622616 APERIODIC_JOB_ARRIVAL 1.73082063669098 1
342.146221959524 APERIODIC_JOB_ARRIVAL 0.139426768868226 43
347.355812026098 APERIODIC_JOB_ARRIVAL 2.94662350895053 1
347.928851995093 APERIODIC_JOB_ARRIVAL 0.000238696117711063 77
349.414348730553 APERIODIC_JOB_ARRIVAL 0.220988652968376 76
352.27975216299 APERIODIC_JOB_ARRIVAL 0.19986312072477 67
352.535964671222 APERIODIC_JOB_ARRIVAL 1.43319754336425 28
352.922644598456 APERIODIC_JOB_ARRIVAL 0.000161867708882254 79
354.375534201481 APERIODIC_JOB_ARRIVAL 4.77405135622482 34
355.303692611604 APERIODIC_JOB_ARRIVAL 2.12123389355578 85
356.142841123122 APERIODIC_JOB_ARRIVAL 0.0785863969951558 13
357.487644565323 APERIODIC_JOB_ARRIVAL 0.849532702733468 80
359.548662732436 APERIODIC_JOB_ARRIVAL 0.0182170088726906 7
360.571803242784 APERIODIC_JOB_ARRIVAL 0.341318150164456 53
361.29843755978 APERIODIC_JOB_ARRIVAL 0.83159594331611 60
361.881742327988 APERIODIC_JOB_ARRIVAL 0.119418057340833 65
362.814095968389 APERIODIC_JOB_ARRIVAL 0.39065886753876 10
363.80261226392 APERIODIC_JOB_ARRIVAL 1.28199012304258 60
364.29898154118 APERIODIC_JOB_ARRIVAL 0.240407081841274 1
364.40120360597 APERIODIC_JOB_ARRIVAL 1.09439047248529 18
364.534151873709 APERIODIC_JOB_ARRIVAL 0.88611859099189 24
364.735362419607 APERIODIC_JOB_ARRIVAL 1.04793612553244 19
366.331327499927 APERIODIC_JOB_ARRIVAL 1.82645082560229 52
366.402956243607 APERIODIC_JOB_ARRIVAL 0.404223886374817 44
366.570276299422 APERIODIC_JOB_ARRIVAL 0.157417359360061 86
366.620057920498 APERIODIC_JOB_ARRIVAL 0.128814631504442 83
367.747672298152 APERIODIC_JOB_ARRIVAL 0.407448822773856 0
369.06169930573 APERIODIC_JOB_ARRIVAL 2.11206852629491 73
369.664533252209 APERIODIC_JOB_ARRIVAL 0.525106089533518 71
370.9994927212 APERIODIC_JOB_ARRIVAL 0.934350956874441 52
373.679344388528 APERIODIC_JOB_ARRIVAL 0.260475471052502 39
376.234642433181 APERIODIC_JOB_ARRIVAL 0.582836005860641 45
377.692632659757 APERIODIC_JOB_ARRIVAL 0.316781828282224 34
379.075237960437 APERIODIC_JOB_ARRIVAL 0.883072650127784 60
380.914403737057 APERIODIC_JOB_ARRIVAL 1.77603922159582 38
382.276610914012 APERIODIC_JOB_ARRIVAL 0.89833593855873 42
382.794037360186 APERIODIC_JOB_ARRIVAL 3.92666934399109 59
384.606487050465 APERIODIC_JOB_ARRIVAL 0.704549479016738 33
384.956832148018 APERIODIC_JOB_ARRIVAL 0.488028913600818 71
386.790300449332 APERIODIC_JOB_ARRIVAL 0.113256897445414 48
388.256437396704 APERIODIC_JOB_ARRIVAL 0.35833170518203 63
391.637890487144 APERIODIC_JOB_ARRIVAL 0.314046580948519 89
392.015913234563 APERIODIC_JOB_ARRIVAL 1.01909297866283 75
392.893743192056 APERIODIC_JOB_ARRIVAL 0.251161530242084 15
393.759124565306 APERIODIC_JOB_ARRIVAL 0.196134234590286 54
395.14116189368 APERIODIC_JOB_ARRIVAL 0.92421551640728 2
395.510696189358 APERIODIC_JOB_ARRIVAL 2.13998049580023 58
395.765289520689 APERIODIC_JOB_ARRIVAL 0.198979262105567 6
397.787929805308 APERIODIC_JOB_ARRIVAL 1.19580653515812 87
397.81189299737 APERIODIC_JOB_ARRIVAL 0.039659694352745 78
397.978071585066 APERIODIC_JOB_ARRIVAL 2.69369771596925 51
397.992689619611 APERIODIC_JOB_ARRIVAL 0.156250633116271 42
398.591997736157 APERIODIC_JOB_ARRIVAL 0.19300408284525 5
398.627567197375 APERIODIC_JOB_ARRIVAL 0.580126553403086 17
399.047475305989 APERIODIC_JOB_ARRIVAL 0.971866102093068 27
400.138685149829 APERIODIC_JOB_ARRIVAL 0.885909257026114 12
400.26986805808 APERIODIC_JOB_ARRIVAL 0.106017766741091 86
400.596637206395 APERIODIC_JOB_ARRIVAL 0.503368080745199 10
400.940533607202 APERIODIC_JOB_ARRIVAL 0.213959985669172 99
401.065257036962 APERIODIC_JOB_ARRIVAL 0.760169312155802 32
401.926730489815 APERIODIC_JOB_ARRIVAL 0.178530668859259 94
402.684415389945 APERIODIC_JOB_ARRIVAL 1.49002715647875 99
402.920047658977 APERIODIC_JOB_ARRIVAL 0.691321043482106 64
403.96756000662 APERIODIC_JOB_ARRIVAL 1.74538592567786 7
405.856734713759 APERIODIC_JOB_ARRIVAL 3.87371896714763 62
407.988035881689 APERIODIC_JOB_ARRIVAL 0.198892546878294 62
407.993955291182 APERIODIC_JOB_ARRIVAL 0.35627508834402 16
409.013334735315 APERIODIC_JOB_ARRIVAL 4.95472883831088 79
412.761532752607 APERIODIC_JOB_ARRIVAL 2.76489582298538 4
414.071271655241 APERIODIC_JOB_ARRIVAL 3.52171350951101 18
414.272162311109 APERIODIC_JOB_ARRIVAL 1.3053883067713 48
414.326906170511 APERIODIC_JOB_ARRIVAL 2.18937853867929 3
415.207565125049 APERIODIC_JOB_ARRIVAL 0.881411230898052 8
416.439065330919 APERIODIC_JOB_ARRIVAL 1.48076654232225 45
418.912764350117 APERIODIC_JOB_ARRIVAL 2.70471925652001 14
420.157473971593 APERIODIC_JOB_ARRIVAL 1.10197219878986 27
420.341152206998 APERIODIC_JOB_ARRIVAL 0.109462819103857 34
420.685736900874 APERIODIC_JOB_ARRIVAL 0.563775452149411 82
420.956060445683 APERIODIC_JOB_ARRIVAL 0.104076216098491 6
422.53311802965 APERIODIC_JOB_ARRIVAL 0.231374743469104 63
422.563414403582 APERIODIC_JOB_ARRIVAL 1.69327043549292 1
423.415318085409 APERIODIC_JOB_ARRIVAL 0.473775525064727 42
424.297070253495 APERIODIC_JOB_ARRIVAL 0.494596431293338 98
425.662430099876 APERIODIC_JOB_ARRIVAL 0.405732983395523 94
425.825291838164 APERIODIC_JOB_ARRIVAL 0.575060100327003 5
426.007370484827 APERIODIC_JOB_ARRIVAL 0.704215691980609 17
430.022275317534 APERIODIC_JOB_ARRIVAL 0.0762488372337965 53
431.852785118357 APERIODIC_JOB_ARRIVAL 2.09513254836074 71
432.673832596727 APERIODIC_JOB_ARRIVAL 0.467932768644946 17
433.523319341305 APERIODIC_JOB_ARRIVAL 0.782472657414339 36
434.367185770813 APERIODIC_JOB_ARRIVAL 1.14976612180147 35
434.397829844129 APERIODIC_JOB_ARRIVAL 0.760660850766997 33
434.785636017303 APERIODIC_JOB_ARRIVAL 1.14978592514198 41
435.61268289037 APERIODIC_JOB_ARRIVAL 2.40601517207638 63
436.219305484915 APERIODIC_JOB_ARRIVAL 0.710150282368185 90
436.895565284895 APERIODIC_JOB_ARRIVAL 0.297898448131762 74
438.248047351734 APERIODIC_JOB_ARRIVAL 0.582568166869207 30
438.426770387251 APERIODIC_JOB_ARRIVAL 4.32109467941446 76
439.037402222901 APERIODIC_JOB_ARRIVAL 0.62782157419763 12
439.480974362011 APERIODIC_JOB_ARRIVAL 1.69676922391623 3
439.590125816618 APERIODIC_JOB_ARRIVAL 1.57368307137934 18
440.90716428564 APERIODIC_JOB_ARRIVAL 0.909041411821492 15
442.291299550097 APERIODIC_JOB_ARRIVAL 0.520891721383834 73
443.180133544253 APERIODIC_JOB_ARRIVAL 1.28317707371517 86
446.179785570407 APERIODIC_JOB_ARRIVAL 1.25098971148593 16
446.603443715761 APERIODIC_JOB_ARRIVAL 0.522417416433155 18
446.893415428961 APERIODIC_JOB_ARRIVAL 0.175813766000055 97
448.030599251202 APERIODIC_JOB_ARRIVAL 1.1350608921071 61
449.57292146264 APERIODIC_JOB_ARRIVAL 0.532596482491068 13
449.946662785019 APERIODIC_JOB_ARRIVAL 1.16741627499173 82
450.130386509349 APERIODIC_JOB_ARRIVAL 2.49068367476689 83
450.209626889009 APERIODIC_JOB_ARRIVAL 0.181195393920642 80
450.211440716803 APERIODIC_JOB_ARRIVAL 0.617719600942706 6
450.242393169149 APERIODIC_JOB_ARRIVAL 1.96177360900466 25
450.416478163279 APERIODIC_JOB_ARRIVAL 0.440347448417521 55
451.358906083567 APERIODIC_JOB_ARRIVAL 1.11510479151718 20
453.255326696072 APERIODIC_JOB_ARRIVAL 0.147890328100918 93
454.454089533227 APERIODIC_JOB_ARRIVAL 1.60273306952621 58
454.877989108572 APERIODIC_JOB_ARRIVAL 0.911960061903698 53
454.968692522277 APERIODIC_JOB_ARRIVAL 0.70239035457592 17
455.514115634827 APERIODIC_JOB_ARRIVAL 0.0293526413462839 39
456.163174456643 APERIODIC_JOB_ARRIVAL 1.82228389700327 30
457.088326132009 APERIODIC_JOB_ARRIVAL 0.419313130052375 81
457.485019373931 APERIODIC_JOB_ARRIVAL 2.00020541294444 12
458.993484798878 APERIODIC_JOB_ARRIVAL 1.52551548982378 38
460.150597217688 APERIODIC_JOB_ARRIVAL 2.51367531400207 12
460.95124985825 APERIODIC_JOB_ARRIVAL 0.950685076538244 31
461.578273674096 APERIODIC_JOB_ARRIVAL 0.402650160096804 76
462.911839817269 APERIODIC_JOB_ARRIVAL 2.42253061029365 15
463.39124106345 APERIODIC_JOB_ARRIVAL 0.17599697256597 96
463.434301585337 APERIODIC_JOB_ARRIVAL 0.401451890629956 48
463.581532482866 APERIODIC_JOB_ARRIVAL 0.851623105359422 66
463.716655031388 APERIODIC_JOB_ARRIVAL 1.42747373071922 72
464.142514700101 APERIODIC_JOB_ARRIVAL 1.2305873797417 47
464.256325088589 APERIODIC_JOB_ARRIVAL 0.394881455615192 90
464.768462800356 APERIODIC_JOB_ARRIVAL 0.531918036436887 0
467.747558327717 APERIODIC_JOB_ARRIVAL 0.418859609608108 53
471.55678971207 APERIODIC_JOB_ARRIVAL 0.399411552047506 12
474.086397349161 APERIODIC_JOB_ARRIVAL 1.3362133558243 89
475.547343278312 APERIODIC_JOB_ARRIVAL 0.082159948396085 91
475.972853554893 APERIODIC_JOB_ARRIVAL 0.300341131461175 55
478.200242550502 APERIODIC_JOB_ARRIVAL 1.75360200111167 88
479.215179411044 APERIODIC_JOB_ARRIVAL 0.755728158747536 20
480.071338094791 APERIODIC_JOB_ARRIVAL 1.1779610084332 53
480.112279949812 APERIODIC_JOB_ARRIVAL 4.44210572850026 90
480.43541710546 APERIODIC_JOB_ARRIVAL 2.45025972786441 18
482.148745905463 APERIODIC_JOB_ARRIVAL 0.929424404719131 52
482.348378171951 APERIODIC_JOB_ARRIVAL 1.21381796267719 7
483.396652866106 APERIODIC_JOB_ARRIVAL 1.7234193316241 63
487.369171764733 APERIODIC_JOB_ARRIVAL 1.06432576903308 89
488.230048636788 APERIODIC_JOB_ARRIVAL 0.326051987049397 41
488.24616940501 APERIODIC_JOB_ARRIVAL 0.0499531694088655 62
488.438969364708 APERIODIC_JOB_ARRIVAL 0.218617020704026 97
488.738014592922 APERIODIC_JOB_ARRIVAL 0.175702270172603 58
489.75339977715 APERIODIC_JOB_ARRIVAL 0.00118982908708272 8
490.32028119009 APERIODIC_JOB_ARRIVAL 0.739947128660064 85
492.582574358251 APERIODIC_JOB_ARRIVAL 0.839184964786029 51
493.856971871211 APERIODIC_JOB_ARRIVAL 0.818479388542995 89
494.034010554102 APERIODIC_JOB_ARRIVAL 4.82778293769763 48
494.834419063422 APERIODIC_JOB_ARRIVAL 2.02738916471589 3
498.860300446419 APERIODIC_JOB_ARRIVAL 3.21076799694439 82
499.967391674934 APERIODIC_JOB_ARRIVAL 1.96827493217552 86
500.424746794877 APERIODIC_JOB_ARRIVAL 3.40139469664787 94
502.659870396601 APERIODIC_JOB_ARRIVAL 0.77430120783644 74
503.003738922191 APERIODIC_JOB_ARRIVAL 0.0974261334883552 82
503.401431644477 APERIODIC_JOB_ARRIVAL 0.771217804247924 31
505.192247788262 APERIODIC_JOB_ARRIVAL 0.442186098626485 63
505.978290592676 APERIODIC_JOB_ARRIVAL 0.356701201107246 26
506.01650299403 APERIODIC_JOB_ARRIVAL 0.577392729679766 5
507.363797997379 APERIODIC_JOB_ARRIVAL 0.221674495713671 78
508.978732739124 APERIODIC_JOB_ARRIVAL 0.538760231817116 15
510.908561585766 APERIODIC_JOB_ARRIVAL 0.0918959432503495 37
511.401313491055 APERIODIC_JOB_ARRIVAL 1.61965932094797 65
511.618495284515 APERIODIC_JOB_ARRIVAL 2.28912428987532 42
513.041998139839 APERIODIC_JOB_ARRIVAL 0.245908261026621 47
513.443041239184 APERIODIC_JOB_ARRIVAL 1.05360435490387 50
514.04970024119 APERIODIC_JOB_ARRIVAL 1.47274698049856 42
517.151803540768 APERIODIC_JOB_ARRIVAL 0.0896608833351546 39
517.424966380886 APERIODIC_JOB_ARRIVAL 0.000321950699555702 58
517.826919599677 APERIODIC_JOB_ARRIVAL 1.92164082929082 15
518.940151470707 APERIODIC_JOB_ARRIVAL 0.319570470559547 29
520.672964128933 APERIODIC_JOB_ARRIVAL 0.375005844001005 38
523.332171212515 APERIODIC_JOB_ARRIVAL 0.470502463237922 28
524.043615841146 APERIODIC_JOB_ARRIVAL 0.408079348777715 69
524.27420880932 APERIODIC_JOB_ARRIVAL 0.689894180677834 56
525.545235775405 APERIODIC_JOB_ARRIVAL 0.253581500908088 94
525.559932799195 APERIODIC_JOB_ARRIVAL 1.56924346337509 69
526.429395867911 APERIODIC_JOB_ARRIVAL 1.33234867680984 90
527.664645707392 APERIODIC_JOB_ARRIVAL 1.70915140946004 37
529.705762600039 APERIODIC_JOB_ARRIVAL 0.497436146236176 84
529.721579493976 APERIODIC_JOB_ARRIVAL 0.107843187073562 8
529.748083952356 APERIODIC_JOB_ARRIVAL 0.427899946597388 42
530.579292004623 APERIODIC_JOB_ARRIVAL 1.73802815921144 65
531.331769317584 APERIODIC_JOB_ARRIVAL 2.3884655958665 5
531.881942245728 APERIODIC_JOB_ARRIVAL 0.625640558657296 0
532.958604066986 APERIODIC_JOB_ARRIVAL 0.551522674017887 29
534.072079980692 APERIODIC_JOB_ARRIVAL 0.48015426231831 18
534.406368491281 APERIODIC_JOB_ARRIVAL 1.01128426546742 53
537.253547235762 APERIODIC_JOB_ARRIVAL 1.34533943000518 77
538.46659305528 APERIODIC_JOB_ARRIVAL 0.160795926563142 70
540.117317924483 APERIODIC_JOB_ARRIVAL 0.817777567504171 21
547.004924951757 APERIODIC_JOB_ARRIVAL 0.331069525914837 52
547.468731472475 APERIODIC_JOB_ARRIVAL 0.183051990204109 50
547.500891153231 APERIODIC_JOB_ARRIVAL 0.554739915557182 20
548.68258565436 APERIODIC_JOB_ARRIVAL 0.624292577814623 50
548.978470165542 APERIODIC_JOB_ARRIVAL 0.495534976172663 34
551.115868214988 APERIODIC_JOB_ARRIVAL 1.15705982816667 59
552.118720977651 APERIODIC_JOB_ARRIVAL 0.577181594322672 69
552.186639996826 APERIODIC_JOB_ARRIVAL 0.573907857574722 41
554.16126719477 APERIODIC_JOB_ARRIVAL 0.857867195291066 77
555.88649072077 APERIODIC_JOB_ARRIVAL 0.339626278684868 21
555.934658133925 APERIODIC_JOB_ARRIVAL 3.45997042472803 29
556.382586192436 APERIODIC_JOB_ARRIVAL 1.1086477302205 48
557.018921928594 APERIODIC_JOB_ARRIVAL 0.185910048896386 0
557.138599013409 APERIODIC_JOB_ARRIVAL 1.03243474415413 37
558.105507725726 APERIODIC_JOB_ARRIVAL 0.246936906921322 4
561.034353693303 APERIODIC_JOB_ARRIVAL 0.203378762420807 39
562.536427945241 APERIODIC_JOB_ARRIVAL 0.828443850460473 73
564.520659335075 APERIODIC_JOB_ARRIVAL 2.67044495262624 88
566.197906073546 APERIODIC_JOB_ARRIVAL 2.64500295749181 45
566.601817299201 APERIODIC_JOB_ARRIVAL 0.1034042752649 25
568.787376540153 APERIODIC_JOB_ARRIVAL 0.647945052543096 35
571.530514738295 APERIODIC_JOB_ARRIVAL 2.67445729662597 53
572.353948748861 APERIODIC_JOB_ARRIVAL 0.106702361232544 43
572.766968984294 APERIODIC_JOB_ARRIVAL 0.689654890553586 70
573.637826600432 APERIODIC_JOB_ARRIVAL 0.241857306045834 62
577.008711901912 APERIODIC_JOB_ARRIVAL 1.02904473532798 57
578.459801784423 APERIODIC_JOB_ARRIVAL 1.4930850772218 92
580.33238125768 APERIODIC_JOB_ARRIVAL 0.989730946257942 34
580.364499601309 APERIODIC_JOB_ARRIVAL 0.0104338664066419 73
581.306900643786 APERIODIC_JOB_ARRIVAL 0.287634805283774 79
581.92897867284 APERIODIC_JOB_ARRIVAL 1.42675180565312 31
582.642757439909 APERIODIC_JOB_ARRIVAL 1.99672613808715 74
583.002718717104 APERIODIC_JOB_ARRIVAL 0.380413469222665 10
584.473649346343 APERIODIC_JOB_ARRIVAL 1.62932430499402 30
588.182779326643 APERIODIC_JOB_ARRIVAL 0.170015813315815 26
589.206636983226 APERIODIC_JOB_ARRIVAL 2.48182417948955 10
589.950291353925 APERIODIC_JOB_ARRIVAL 1.62970458658197 6
589.951796117624 APERIODIC_JOB_ARRIVAL 0.208786591642717 0
590.62616450992 APERIODIC_JOB_ARRIVAL 0.0506036787376814 8
591.150409980269 APERIODIC_JOB_ARRIVAL 1.6157822450711 79
591.226732965705 APERIODIC_JOB_ARRIVAL 0.803708282673637 55
591.836229491123 APERIODIC_JOB_ARRIVAL 1.20915765899135 39
596.081048999021 APERIODIC_JOB_ARRIVAL 0.875266649613985 37
596.847634290676 APERIODIC_JOB_ARRIVAL 0.75018416749303 65
597.259001363581 APERIODIC_JOB_ARRIVAL 1.61545255803929 60
597.748675330678 APERIODIC_JOB_ARRIVAL 0.44737034273443 52
598.004154147468 APERIODIC_JOB_ARRIVAL 0.0568241627848221 23
599.511170986334 APERIODIC_JOB_ARRIVAL 0.0194601106220269 11
601.048895135103 APERIODIC_JOB_ARRIVAL 0.317452106246358 57
601.818461557956 APERIODIC_JOB_ARRIVAL 0.21079000316651 96
603.10005779518 APERIODIC_JOB_ARRIVAL 0.571842839049926 33
604.280953965686 APERIODIC_JOB_ARRIVAL 0.945037955331678 15
609.1585218384 APERIODIC_JOB_ARRIVAL 1.78982936425778 52
610.147198026509 APERIODIC_JOB_ARRIVAL 3.1286660721 11
610.202310830346 APERIODIC_JOB_ARRIVAL 0.267752219909289 5
610.912895101053 APERIODIC_JOB_ARRIVAL 0.810263493119186 8
611.000635110875 APERIODIC_JOB_ARRIVAL 3.04671802870334 92
612.02601080701 APERIODIC_JOB_ARRIVAL 0.632952393763004 69
613.505729055218 APERIODIC_JOB_ARRIVAL 0.147296887555281 81
613.893679637031 APERIODIC_JOB_ARRIVAL 0.0366836777391426 32
615.099095134476 APERIODIC_JOB_ARRIVAL 5.86970764606805 61
616.139413141286 APERIODIC_JOB_ARRIVAL 0.115370668743269 37
616.560430017425 APERIODIC_JOB_ARRIVAL 0.449620520203241 96
616.943181249431 APERIODIC_JOB_ARRIVAL 2.2449073295041 41
617.02296376417 APERIODIC_JOB_ARRIVAL 0.123695604501888 52
617.98230293494 APERIODIC_JOB_ARRIVAL 0.482300358672067 89
618.053556836978 APERIODIC_JOB_ARRIVAL 0.301324022183876 12
618.450646228678 APERIODIC_JOB_ARRIVAL 1.67848677136982 50
618.621332695828 APERIODIC_JOB_ARRIVAL 3.7731176477497 96
621.117312990307 APERIODIC_JOB_ARRIVAL 0.438739035516961 88
622.941895200561 APERIODIC_JOB_ARRIVAL 2.11167524834499 70
624.10970043496 APERIODIC_JOB_ARRIVAL 0.89329631312491 98
625.952293267424 APERIODIC_JOB_ARRIVAL 0.19472984166698 21
625.969998101725 APERIODIC_JOB_ARRIVAL 0.29668059938936 54
627.488801910948 APERIODIC_JOB_ARRIVAL 3.68579754502691 36
627.692113826742 APERIODIC_JOB_ARRIVAL 0.461949713483769 81
628.351348958515 APERIODIC_JOB_ARRIVAL 1.31854788165094 35
628.885864584712 APERIODIC_JOB_ARRIVAL 0.117660703622589 92
629.445557848854 APERIODIC_JOB_ARRIVAL 3.20003846575591 75
630.564282435178 APERIODIC_JOB_ARRIVAL 2.86731969640887 69
631.493736617705 APERIODIC_JOB_ARRIVAL 0.635680181649636 36
633.154264580772 APERIODIC_JOB_ARRIVAL 0.195876397410402 74
636.114233193587 APERIODIC_JOB_ARRIVAL 4.15599191678719 14
636.135465182609 APERIODIC_JOB_ARRIVAL 1.86662355359127 4
636.907291198355 APERIODIC_JOB_ARRIVAL 1.00389013707647 64
637.148269256305 APERIODIC_JOB_ARRIVAL 2.0352079483114 23
637.395838996138 APERIODIC_JOB_ARRIVAL 0.40863855674374 89
640.646019791717 APERIODIC_JOB_ARRIVAL 1.34363291706397 45
640.854439854026 APERIODIC_JOB_ARRIVAL 0.637589227643444 59
642.869120464549 APERIODIC_JOB_ARRIVAL 0.313677402604732 68
643.03369456995 APERIODIC_JOB_ARRIVAL 2.87216029372902 80
644.26192264991 APERIODIC_JOB_ARRIVAL 0.797910937941938 38
645.149228506208 APERIODIC_JOB_ARRIVAL 2.58772721300459 46
646.399223828358 APERIODIC_JOB_ARRIVAL 1.03956233376934 19
647.24053143045 APERIODIC_JOB_ARRIVAL 1.25248364763793 61
647.669987676157 APERIODIC_JOB_ARRIVAL 0.0966203946915213 20
647.749067124541 APERIODIC_JOB_ARRIVAL 2.58534158714329 12
648.599550402263 APERIODIC_JOB_ARRIVAL 0.380333158464773 23
648.913312901845 APERIODIC_JOB_ARRIVAL 0.00311613238133147 24
649.469647920653 APERIODIC_JOB_ARRIVAL 0.355297370380786 22
649.529051591902 APERIODIC_JOB_ARRIVAL 0.16963606526832 95
649.684969135021 APERIODIC_JOB_ARRIVAL 1.67480338609231 49
650.392669435777 APERIODIC_JOB_ARRIVAL 0.366410939198504 85
651.07276028764 APERIODIC_JOB_ARRIVAL 2.32675629848409 59
651.323336772717 APERIODIC_JOB_ARRIVAL 0.519007036187942 62
652.291360641183 APERIODIC_JOB_ARRIVAL 1.71770109219473 69
652.399411520308 APERIODIC_JOB_ARRIVAL 2.39612661296974 61
652.41766104787 APERIODIC_JOB_ARRIVAL 0.175174797328511 51
654.272485497381 APERIODIC_JOB_ARRIVAL 2.86811648028316 39
656.171838826338 APERIODIC_JOB_ARRIVAL 0.392670038613516 7
657.402833176336 APERIODIC_JOB_ARRIVAL 1.65252193198918 38
658.286783944386 APERIODIC_JOB_ARRIVAL 0.633395036474985 69
658.853483468183 APERIODIC_JOB_ARRIVAL 0.815170422164096 48
660.526405213402 APERIODIC_JOB_ARRIVAL 0.40934870244092 29
661.074008317996 APERIODIC_JOB_ARRIVAL 2.20065521323013 56
661.162889365817 APERIODIC_JOB_ARRIVAL 2.38531980543204 37
661.721462690221 APERIODIC_JOB_ARRIVAL 0.183280749127067 98
662.446481390054 APERIODIC_JOB_ARRIVAL 0.0665579942775831 93
665.106130620699 APERIODIC_JOB_ARRIVAL 2.23896025003772 60
665.527826519917 APERIODIC_JOB_ARRIVAL 0.355309569441679 85
668.542711028652 APERIODIC_JOB_ARRIVAL 4.10799761728519 83
669.150477735828 APERIODIC_JOB_ARRIVAL 1.09013029413904 41
670.430215131518 APERIODIC_JOB_ARRIVAL 0.210811765963271 86
671.454640949508 APERIODIC_JOB_ARRIVAL 0.219774619411623 13
672.901947785128 APERIODIC_JOB_ARRIVAL 0.678833271920458 3
673.25701871473 APERIODIC_JOB_ARRIVAL 1.29553023856862 9
674.165727956401 APERIODIC_JOB_ARRIVAL 7.12122870535259 74
674.73349754623 APERIODIC_JOB_ARRIVAL 0.0751871027240037 64
675.600300322973 APERIODIC_JOB_ARRIVAL 0.761362075655138 91
676.676917959543 APERIODIC_JOB_ARRIVAL 0.308042737171659 77
677.988131032291 APERIODIC_JOB_ARRIVAL 0.00601271806935029 46
679.594055396333 APERIODIC_JOB_ARRIVAL 0.265880219008836 87
680.709001030051 APERIODIC_JOB_ARRIVAL 1.81316405501951 37
681.551023162221 APERIODIC_JOB_ARRIVAL 0.736349299970241 84
684.248010068189 APERIODIC_JOB_ARRIVAL 4.33312931010477 66
684.522685379485 APERIODIC_JOB_ARRIVAL 0.520253893964077 36
685.142555760073 APERIODIC_JOB_ARRIVAL 0.787130210476592 44
686.114695498191 APERIODIC_JOB_ARRIVAL 2.92717293763079 95
686.73444373127 APERIODIC_JOB_ARRIVAL 0.22686516806449 38
688.207389692288 APERIODIC_JOB_ARRIVAL 0.649625955930648 2
688.444982344532 APERIODIC_JOB_ARRIVAL 0.140154313542849 80
689.634566894682 APERIODIC_JOB_ARRIVAL 0.860848759314379 97
691.349884447081 APERIODIC_JOB_ARRIVAL 4.99134413520148 72
692.271968648911 APERIODIC_JOB_ARRIVAL 1.7583753291234 76
692.730926978245 APERIODIC_JOB_ARRIVAL 0.202868939715617 21
694.01181230553 APERIODIC_JOB_ARRIVAL 1.20778536605032 97
694.459623954492 APERIODIC_JOB_ARRIVAL 0.0503197517823711 2
694.658283307441 APERIODIC_JOB_ARRIVAL 1.07063414881461 88
694.993180773675 APERIODIC_JOB_ARRIVAL 0.743778400942561 72
695.085333663544 APERIODIC_JOB_ARRIVAL 1.84718043786075 67
695.446221109112 APERIODIC_JOB_ARRIVAL 0.673454796833476 45
697.731070713913 APERIODIC_JOB_ARRIVAL 0.0759978325749508 76
697.831906201373 APERIODIC_JOB_ARRIVAL 3.17901481468771 93
703.661328168661 APERIODIC_JOB_ARRIVAL 0.320625282123709 89
705.42414444489 APERIODIC_JOB_ARRIVAL 1.75424765673056 74
706.047132370192 APERIODIC_JOB_ARRIVAL 0.108294564360744 89
706.603219526402 APERIODIC_JOB_ARRIVAL 2.43301098545135 52
707.179734559379 APERIODIC_JOB_ARRIVAL 2.21866564389659 38
707.683366904902 APERIODIC_JOB_ARRIVAL 0.548982405423818 5
708.678852788407 APERIODIC_JOB_ARRIVAL 1.03994511367779 41
709.095530255781 APERIODIC_JOB_ARRIVAL 0.148150306327249 15
709.484132699918 APERIODIC_JOB_ARRIVAL 1.4483873501642 59
709.672230011327 APERIODIC_JOB_ARRIVAL 0.110632817817873 72
711.626864612558 APERIODIC_JOB_ARRIVAL 0.212930048589148 4
712.377059304428 APERIODIC_JOB_ARRIVAL 0.408456590424035 11
714.355022114745 APERIODIC_JOB_ARRIVAL 2.13791576458298 63
715.328666274711 APERIODIC_JOB_ARRIVAL 2.41854074091362 80
715.819452310083 APERIODIC_JOB_ARRIVAL 0.379454184258776 31
715.968997582916 APERIODIC_JOB_ARRIVAL 0.776537353133323 78
716.439600340326 APERIODIC_JOB_ARRIVAL 0.551756592558067 16
717.918087754068 APERIODIC_JOB_ARRIVAL 4.27171326091927 61
718.201134810503 APERIODIC_JOB_ARRIVAL 0.607975212651849 81
721.517045068952 APERIODIC_JOB_ARRIVAL 1.31772975143633 75
722.009684616036 APERIODIC_JOB_ARRIVAL 0.953802362775615 63
722.608400349539 APERIODIC_JOB_ARRIVAL 2.25866564542126 4
724.3457375908 APERIODIC_JOB_ARRIVAL 1.95442243338973 33
725.698493854993 APERIODIC_JOB_ARRIVAL 4.0099181041555 50
725.929983215749 APERIODIC_JOB_ARRIVAL 0.527279937951446 65
725.946327602206 APERIODIC_JOB_ARRIVAL 0.998588005500445 49
727.94954128114 APERIODIC_JOB_ARRIVAL 0.849084375833555 57
728.402349242344 APERIODIC_JOB_ARRIVAL 0.0783020624092955 27
728.407255371386 APERIODIC_JOB_ARRIVAL 0.533442152655019 40
729.182306882083 APERIODIC_JOB_ARRIVAL 1.35325963516844 26
729.221990871072 APERIODIC_JOB_ARRIVAL 0.385304719126711 37
729.963470875746 APERIODIC_JOB_ARRIVAL 0.385405159658543 4
734.111660507777 APERIODIC_JOB_ARRIVAL 0.163937408740196 5
734.436782501526 APERIODIC_JOB_ARRIVAL 2.56686356647936 87
735.468275799193 APERIODIC_JOB_ARRIVAL 0.373968808321597 22
735.469364315041 APERIODIC_JOB_ARRIVAL 1.54573679149682 94
735.674681314377 APERIODIC_JOB_ARRIVAL 0.333886316032936 45
736.307211930575 APERIODIC_JOB_ARRIVAL 0.973817468653211 39
737.000781508037 APERIODIC_JOB_ARRIVAL 0.924126341545837 22
737.335168907805 APERIODIC_JOB_ARRIVAL 2.7114095730476 20
737.618601485498 APERIODIC_JOB_ARRIVAL 0.955263287511747 74
743.454445571314 APERIODIC_JOB_ARRIVAL 2.75371188637694 5
744.595012966917 APERIODIC_JOB_ARRIVAL 0.227259031474363 46
745.343129757447 APERIODIC_JOB_ARRIVAL 0.117336531088236 92
746.345780255626 APERIODIC_JOB_ARRIVAL 0.870416121386824 35
746.805620354485 APERIODIC_JOB_ARRIVAL 0.269505234688719 51
747.301639776077 APERIODIC_JOB_ARRIVAL 0.0972855587245375 17
747.344945192314 APERIODIC_JOB_ARRIVAL 0.0225212212287757 10
748.664817106063 APERIODIC_JOB_ARRIVAL 0.963355950912841 86
749.723868772603 APERIODIC_JOB_ARRIVAL 1.31201578638381 3
749.853107678001 APERIODIC_JOB_ARRIVAL 0.591852003467794 25
750.633801335262 APERIODIC_JOB_ARRIVAL 1.17908421417667 97
751.699127165891 APERIODIC_JOB_ARRIVAL 0.159862054439062 77
752.654168110677 APERIODIC_JOB_ARRIVAL 0.18701562813009 36
752.675333066709 APERIODIC_JOB_ARRIVAL 1.09032074781528 66
752.879961856168 APERIODIC_JOB_ARRIVAL 0.0605967362789699 90
753.825648480327 APERIODIC_JOB_ARRIVAL 3.06163847950091 24
754.005481779588 APERIODIC_JOB_ARRIVAL 0.857926409964671 61
754.602414062968 APERIODIC_JOB_ARRIVAL 0.44432650841801 0
754.857159222873 APERIODIC_JOB_ARRIVAL 1.01081881817085 68
755.355360951506 APERIODIC_JOB_ARRIVAL 0.916726272969996 80
756.075703203062 APERIODIC_JOB_ARRIVAL 3.93097481614153 51
757.236064375487 APERIODIC_JOB_ARRIVAL 0.380866037179129 11
758.085476769488 APERIODIC_JOB_ARRIVAL 0.439368039025397 21
759.259434351344 APERIODIC_JOB_ARRIVAL 3.89969009725174 82
759.278108336093 APERIODIC_JOB_ARRIVAL 0.817741121202746 54
762.302486819176 APERIODIC_JOB_ARRIVAL 0.427938827629576 75
762.304126696978 APERIODIC_JOB_ARRIVAL 1.46783793040354 63
764.113329636554 APERIODIC_JOB_ARRIVAL 0.375347859476828 60
765.113995845716 APERIODIC_JOB_ARRIVAL 1.4389943323788 1
765.241259968801 APERIODIC_JOB_ARRIVAL 0.24238874610419 91
768.348567474413 APERIODIC_JOB_ARRIVAL 0.67705477103958 61
770.937939529362 APERIODIC_JOB_ARRIVAL 0.00676535665767925 90
771.122055966648 APERIODIC_JOB_ARRIVAL 0.329320757034967 80
773.143207995127 APERIODIC_JOB_ARRIVAL 0.278929579271159 38
777.538760917496 APERIODIC_JOB_ARRIVAL 1.84009022247286 12
777.962656987377 APERIODIC_JOB_ARRIVAL 0.226812528624121 76
778.201546147249 APERIODIC_JOB_ARRIVAL 1.76185603154316 85
778.723052065444 APERIODIC_JOB_ARRIVAL 2.30620439434227 8
780.393590164054 APERIODIC_JOB_ARRIVAL 0.0993580045537243 32
780.746450243676 APERIODIC_JOB_ARRIVAL 0.743567714716421 47
781.42304387789 APERIODIC_JOB_ARRIVAL 0.0544984907755021 36
782.100107019052 APERIODIC_JOB_ARRIVAL 0.616716899838282 52
783.245742735328 APERIODIC_JOB_ARRIVAL 3.44117749046799 38
783.354011551913 APERIODIC_JOB_ARRIVAL 0.478013382705411 80
785.025934742199 APERIODIC_JOB_ARRIVAL 1.25639985866272 74
785.046442805712 APERIODIC_JOB_ARRIVAL 0.0129230656677254 2
785.656261521273 APERIODIC_JOB_ARRIVAL 0.253318014901899 78
787.983295445984 APERIODIC_JOB_ARRIVAL 0.201935383477552 40
788.422661803009 APERIODIC_JOB_ARRIVAL 1.52137620461854 4
788.685736041956 APERIODIC_JOB_ARRIVAL 0.385252222690366 76
788.840829192587 APERIODIC_JOB_ARRIVAL 0.619635605464344 46
790.08975898174 APERIODIC_JOB_ARRIVAL 0.394150012809791 82
790.207791396684 APERIODIC_JOB_ARRIVAL 1.14474266418052 74
790.635697479516 APERIODIC_JOB_ARRIVAL 1.1327483614094 51
790.665196845054 APERIODIC_JOB_ARRIVAL 0.487488651176932 61
792.275744668024 APERIODIC_JOB_ARRIVAL 0.0214560928748026 45
793.134236883395 APERIODIC_JOB_ARRIVAL 0.687161859048573 32
793.621042960897 APERIODIC_JOB_ARRIVAL 0.699529955606643 30
794.619551439221 APERIODIC_JOB_ARRIVAL 2.81989169694002 9
796.894814391421 APERIODIC_JOB_ARRIVAL 0.067264861779317 13
797.674415586903 APERIODIC_JOB_ARRIVAL 0.54415517237449 93
799.582107112856 APERIODIC_JOB_ARRIVAL 0.726042590116819 81
800.846413213502 APERIODIC_JOB_ARRIVAL 1.98502080909263 43
804.304733330884 APERIODIC_JOB_ARRIVAL 0.493712474592411 24
806.028255499504 APERIODIC_JOB_ARRIVAL 0.169419503807301 10
806.20286885716 APERIODIC_JOB_ARRIVAL 0.641547238643374 22
806.778223622158 APERIODIC_JOB_ARRIVAL 0.310274717037727 39
810.312883001995 APERIODIC_JOB_ARRIVAL 0.821821203054346 47
810.484177551888 APERIODIC_JOB_ARRIVAL 0.877841367742137 24
811.864473200416 APERIODIC_JOB_ARRIVAL 1.76625475955549 44
812.252972508638 APERIODIC_JOB_ARRIVAL 2.28085963642635 29
812.809007749257 APERIODIC_JOB_ARRIVAL 0.895764624647607 71
813.092337892541 APERIODIC_JOB_ARRIVAL 0.23191095781557 90
813.286403128311 APERIODIC_JOB_ARRIVAL 0.414441726097935 90
813.786279018584 APERIODIC_JOB_ARRIVAL 1.55422550954891 7
814.625288971571 APERIODIC_JOB_ARRIVAL 0.380573621450188 3
817.179750457222 APERIODIC_JOB_ARRIVAL 0.582596107413476 87
819.083830674252 APERIODIC_JOB_ARRIVAL 0.62267629791032 19
819.096448788443 APERIODIC_JOB_ARRIVAL 3.82293852624057 78
819.533994198729 APERIODIC_JOB_ARRIVAL 0.079728815858892 60
821.897336702526 APERIODIC_JOB_ARRIVAL 0.0967266857404695 7
822.559061490859 APERIODIC_JOB_ARRIVAL 0.63978573171203 30
822.891860206178 APERIODIC_JOB_ARRIVAL 2.48481826429203 51
824.505303248624 APERIODIC_JOB_ARRIVAL 1.77585799666716 49
824.890821436025 APERIODIC_JOB_ARRIVAL 1.13194130302754 16
827.83783216863 APERIODIC_JOB_ARRIVAL 0.601064853800175 20
830.045293369619 APERIODIC_JOB_ARRIVAL 0.210458042775499 14
831.571553574983 APERIODIC_JOB_ARRIVAL 1.62625581535036 7
831.838008863094 APERIODIC_JOB_ARRIVAL 0.857187830668284 71
833.70690633349 APERIODIC_JOB_ARRIVAL 2.32464075060308 17
833.85643114211 APERIODIC_JOB_ARRIVAL 2.89353671027173 3
835.516776753235 APERIODIC_JOB_ARRIVAL 0.610596957182597 73
838.895926330749 APERIODIC_JOB_ARRIVAL 0.229926094426518 71
840.894672777811 APERIODIC_JOB_ARRIVAL 0.410594447616845 34
842.10328363784 APERIODIC_JOB_ARRIVAL 0.550877971560494 83
842.296895050627 APERIODIC_JOB_ARRIVAL 0.151675347389842 56
843.319356890641 APERIODIC_JOB_ARRIVAL 1.06048542554858 59
844.92592269385 APERIODIC_JOB_ARRIVAL 0.271046049692143 43
845.092752921852 APERIODIC_JOB_ARRIVAL 1.3660062333601 93
845.603768736616 APERIODIC_JOB_ARRIVAL 1.71737478907976 90
846.60694811803 APERIODIC_JOB_ARRIVAL 0.673585867190057 16
846.708096675468 APERIODIC_JOB_ARRIVAL 1.85489901331712 18
848.412538198363 APERIODIC_JOB_ARRIVAL 2.25070123047987 37
852.642958390583 APERIODIC_JOB_ARRIVAL 0.349392874640559 32
852.65170120892 APERIODIC_JOB_ARRIVAL 0.51097360977819 34
854.093029619191 APERIODIC_JOB_ARRIVAL 1.15728993425591 13
855.260281551815 APERIODIC_JOB_ARRIVAL 1.18371753537405 42
855.501597259634 APERIODIC_JOB_ARRIVAL 1.51722922274862 13
857.476784314804 APERIODIC_JOB_ARRIVAL 1.41116434671235 88
858.491357483305 APERIODIC_JOB_ARRIVAL 0.357192623083344 21
858.894262419086 APERIODIC_JOB_ARRIVAL 0.267388543615587 54
863.858658736093 APERIODIC_JOB_ARRIVAL 0.264970255905466 31
864.89390322808 APERIODIC_JOB_ARRIVAL 0.00321331772473352 46
865.109633982366 APERIODIC_JOB_ARRIVAL 0.539889236803227 89
866.047208361451 APERIODIC_JOB_ARRIVAL 2.77501031980886 42
867.07900217434 APERIODIC_JOB_ARRIVAL 1.06996007105599 91
867.14678316126 APERIODIC_JOB_ARRIVAL 0.0703886262886016 54
867.669757986422 APERIODIC_JOB_ARRIVAL 2.9791657881882 23
869.721255862358 APERIODIC_JOB_ARRIVAL 0.186123558544234 14
869.745129235545 APERIODIC_JOB_ARRIVAL 0.862561058802453 51
873.121069265962 APERIODIC_JOB_ARRIVAL 2.04380506183659 6
873.940573450925 APERIODIC_JOB_ARRIVAL 0.352285886288417 76
876.474958817018 APERIODIC_JOB_ARRIVAL 2.21637748390682 65
877.021857968969 APERIODIC_JOB_ARRIVAL 0.191103169732134 0
878.722459808585 APERIODIC_JOB_ARRIVAL 0.148987618253606 35
879.232694397924 APERIODIC_JOB_ARRIVAL 0.0618944594605731 90
879.92979314503 APERIODIC_JOB_ARRIVAL 0.695020253878644 92
880.356982074641 APERIODIC_JOB_ARRIVAL 2.35063092564607 65
883.992226703719 APERIODIC_JOB_ARRIVAL 0.79519154316407 43
885.010521126739 APERIODIC_JOB_ARRIVAL 1.55838153383509 69
885.619360456972 APERIODIC_JOB_ARRIVAL 0.904548322670075 81
886.542413151179 APERIODIC_JOB_ARRIVAL 0.405397554862091 42
887.781114181136 APERIODIC_JOB_ARRIVAL 0.563569733135755 22
888.376132547818 APERIODIC_JOB_ARRIVAL 0.683436688162083 10
889.998890703696 APERIODIC_JOB_ARRIVAL 2.45019381407113 39
891.892336477228 APERIODIC_JOB_ARRIVAL 0.59296809243594 96
892.258102762762 APERIODIC_JOB_ARRIVAL 1.63723538373403 75
892.789208514124 APERIODIC_JOB_ARRIVAL 0.790660871599479 18
892.85467481693 APERIODIC_JOB_ARRIVAL 0.323599730867901 62
893.329966472422 APERIODIC_JOB_ARRIVAL 0.244983304795878 88
897.274639747832 APERIODIC_JOB_ARRIVAL 1.72558299615569 44
897.552577110187 APERIODIC_JOB_ARRIVAL 0.156531118907983 36
901.951059026019 APERIODIC_JOB_ARRIVAL 1.70062761072864 66
903.486206672378 APERIODIC_JOB_ARRIVAL 0.15185874017759 54
904.012625647787 APERIODIC_JOB_ARRIVAL 0.148801837248209 53
904.806454347728 APERIODIC_JOB_ARRIVAL 2.95544943487733 94
905.615304793525 APERIODIC_JOB_ARRIVAL 0.273137763413275 91
908.131576166816 APERIODIC_JOB_ARRIVAL 0.463281038831608 57
909.756629619906 APERIODIC_JOB_ARRIVAL 2.38433177627671 39
913.633826268847 APERIODIC_JOB_ARRIVAL 0.393849518308446 58
914.743804115458 APERIODIC_JOB_ARRIVAL 0.32753329466706 43
915.952734996317 APERIODIC_JOB_ARRIVAL 0.688564101841558 34
916.080160677256 APERIODIC_JOB_ARRIVAL 0.899078036458031 73
916.374659088934 APERIODIC_JOB_ARRIVAL 0.992030800647833 35
916.849024897849 APERIODIC_JOB_ARRIVAL 4.60674677348541 23
917.079117015155 APERIODIC_JOB_ARRIVAL 0.357493325837615 37
919.673408268237 APERIODIC_JOB_ARRIVAL 1.46955658052355 49
921.235589590461 APERIODIC_JOB_ARRIVAL 0.159402640705783 95
922.223637237898 APERIODIC_JOB_ARRIVAL 1.27831958114065 82
924.12626823182 APERIODIC_JOB_ARRIVAL 1.40349125324605 92
925.354605520129 APERIODIC_JOB_ARRIVAL 0.97207338584054 47
925.361694826013 APERIODIC_JOB_ARRIVAL 1.62809450041854 23
926.743464171387 APERIODIC_JOB_ARRIVAL 0.184298440474025 60
927.510007926724 APERIODIC_JOB_ARRIVAL 0.279937147123365 78
927.574626151751 APERIODIC_JOB_ARRIVAL 1.40344967431457 39
929.349044987843 APERIODIC_JOB_ARRIVAL 0.488388367820371 59
930.457970119357 APERIODIC_JOB_ARRIVAL 2.98565512905614 74
930.628826150628 APERIODIC_JOB_ARRIVAL 0.330639160169 45
930.808525636952 APERIODIC_JOB_ARRIVAL 0.421489798044931 88
931.32251303382 APERIODIC_JOB_ARRIVAL 1.80305168481295 18
932.61171785386 APERIODIC_JOB_ARRIVAL 1.20485837010225 24
932.792079092759 APERIODIC_JOB_ARRIVAL 0.245702568807311 12
933.039544488574 APERIODIC_JOB_ARRIVAL 0.799384287017222 4
934.12501008769 APERIODIC_JOB_ARRIVAL 0.459257955941158 38
934.765952158673 APERIODIC_JOB_ARRIVAL 1.15762154733269 90
935.625037908791 APERIODIC_JOB_ARRIVAL 0.190983814646633 57
935.965687730611 APERIODIC_JOB_ARRIVAL 0.626634901529111 57
936.151529336292 APERIODIC_JOB_ARRIVAL 0.538837357757755 45
936.737305971789 APERIODIC_JOB_ARRIVAL 0.304653616927941 60
937.063701075425 APERIODIC_JOB_ARRIVAL 0.0362939387096671 86
938.993219065359 APERIODIC_JOB_ARRIVAL 1.08975678102954 26
939.387866982768 APERIODIC_JOB_ARRIVAL 2.66174647461027 2
943.098144802563 APERIODIC_JOB_ARRIVAL 1.17445591456382 59
943.635522545481 APERIODIC_JOB_ARRIVAL 0.842863950132482 19
945.52787925429 APERIODIC_JOB_ARRIVAL 1.41568642229772 54
945.620198561756 APERIODIC_JOB_ARRIVAL 0.405347038524304 22
946.351690314568 APERIODIC_JOB_ARRIVAL 2.67174626160616 94
946.621042502623 APERIODIC_JOB_ARRIVAL 1.42669100773877 14
947.449219231987 APERIODIC_JOB_ARRIVAL 0.0699243092690615 87
947.710938071778 APERIODIC_JOB_ARRIVAL 0.54524548157476 39
948.909412328522 APERIODIC_JOB_ARRIVAL 0.132904249232764 4
951.650813813009 APERIODIC_JOB_ARRIVAL 0.0666040906772878 28
953.798601740143 APERIODIC_JOB_ARRIVAL 1.4513113716306 79
954.184828794571 APERIODIC_JOB_ARRIVAL 0.915953988641944 55
954.560109235872 APERIODIC_JOB_ARRIVAL 1.09601450512937 24
956.177756023426 APERIODIC_JOB_ARRIVAL 1.82804517442769 70
957.325324381764 APERIODIC_JOB_ARRIVAL 0.874659815063195 49
958.709926572389 APERIODIC_JOB_ARRIVAL 0.469745168693366 54
958.807754175087 APERIODIC_JOB_ARRIVAL 1.21801757304322 83
959.183160001179 APERIODIC_JOB_ARRIVAL 0.295079098829975 15
961.610363852652 APERIODIC_JOB_ARRIVAL 0.243785663317689 76
962.177056968189 APERIODIC_JOB_ARRIVAL 0.717437541104421 63
963.023698638148 APERIODIC_JOB_ARRIVAL 3.88602971795978 27
964.614524857254 APERIODIC_JOB_ARRIVAL 1.70989244940711 95
964.619022795487 APERIODIC_JOB_ARRIVAL 0.441331962469798 59
964.802705842068 APERIODIC_JOB_ARRIVAL 0.282645082737331 96
966.28253152528 APERIODIC_JOB_ARRIVAL 2.5373056988972 64
967.831874218099 APERIODIC_JOB_ARRIVAL 0.438502827832603 98
968.800587061821 APERIODIC_JOB_ARRIVAL 0.310297523845165 35
968.914853336123 APERIODIC_JOB_ARRIVAL 1.99076698841443 85
969.964089558035 APERIODIC_JOB_ARRIVAL 2.10596131684142 1
970.441643383026 APERIODIC_JOB_ARRIVAL 0.565336257279118 87
971.132712863969 APERIODIC_JOB_ARRIVAL 0.486737923275876 45
971.565990962014 APERIODIC_JOB_ARRIVAL 0.46633436912963 10
971.824237289079 APERIODIC_JOB_ARRIVAL 0.249239635668571 49
972.65564418718 APERIODIC_JOB_ARRIVAL 0.430926676891094 36
973.008633964264 APERIODIC_JOB_ARRIVAL 0.850475848217179 37
973.38721511066 APERIODIC_JOB_ARRIVAL 0.478805990298796 93
973.766116774658 APERIODIC_JOB_ARRIVAL 0.0441158382113327 84
976.14227561123 APERIODIC_JOB_ARRIVAL 0.625539920321491 86
977.433940337898 APERIODIC_JOB_ARRIVAL 0.0150909155938367 4
977.779611647602 APERIODIC_JOB_ARRIVAL 0.0836444051013654 16
978.279403031238 APERIODIC_JOB_ARRIVAL 0.01164067228839 3
979.887796146106 APERIODIC_JOB_ARRIVAL 0.139748865662163 27
979.960933211391 APERIODIC_JOB_ARRIVAL 1.73105302779164 37
980.548947785775 APERIODIC_JOB_ARRIVAL 0.157974011098299 24
982.427833940334 APERIODIC_JOB_ARRIVAL 1.3439501658638 13
982.490490067397 APERIODIC_JOB_ARRIVAL 1.05357147231496 87
982.912790722114 APERIODIC_JOB_ARRIVAL 2.08586828713413 0
983.426491617114 APERIODIC_JOB_ARRIVAL 0.770306380550636 50
983.599191284666 APERIODIC_JOB_ARRIVAL 2.26196368533606 66
984.950267149446 APERIODIC_JOB_ARRIVAL 0.993561390712879 71
986.289561297649 APERIODIC_JOB_ARRIVAL 0.201468981906967 39
987.409768767014 APERIODIC_JOB_ARRIVAL 0.727934283425884 84
989.977872131289 APERIODIC_JOB_ARRIVAL 3.46180716309008 22
991.203312678198 APERIODIC_JOB_ARRIVAL 0.774255799414433 25
993.546158185419 APERIODIC_JOB_ARRIVAL 1.05149655678472 24
993.769783799689 APERIODIC_JOB_ARRIVAL 1.82959989094552 50
994.922656496368 APERIODIC_JOB_ARRIVAL 0.600410122990522 61
996.813371510814 APERIODIC_JOB_ARRIVAL 1.99692083611827 85
998.140518890064 APERIODIC_JOB_ARRIVAL 1.85003192315888 8
998.993716832373 APERIODIC_JOB_ARRIVAL 2.00780360316252 95
999.727624978281 APERIODIC_JOB_ARRIVAL 1.81664779735919 80
1000.84517281974 APERIODIC_JOB_ARRIVAL 0.0596942261128324 38
