0.295008847756301 APERIODIC_JOB_ARRIVAL 1.01735075844292 35
2.49246591011762 APERIODIC_JOB_ARRIVAL 0.818849715902719 62
5.0044004917393 APERIODIC_JOB_ARRIVAL 0.147221680027412 51
5.69995171530821 APERIODIC_JOB_ARRIVAL 0.699620336002912 61
6.0698386338407 APERIODIC_JOB_ARRIVAL 0.171769671327151 38
6.8400832225315 APERIODIC_JOB_ARRIVAL 0.521367409700644 90
7.46749367335771 APERIODIC_JOB_ARRIVAL 3.47120640543172 83
7.7291025692364 APERIODIC_JOB_ARRIVAL 0.483486722311214 76
7.82469676050227 APERIODIC_JOB_ARRIVAL 0.678875849827466 98
8.44833700692875 APERIODIC_JOB_ARRIVAL 0.664797901913628 53
9.27470130531924 APERIODIC_JOB_ARRIVAL 0.998207450371131 43
9.35599576156551 APERIODIC_JOB_ARRIVAL 2.66656001215774 42
9.50694179566492 APERIODIC_JOB_ARRIVAL 0.0269892874330342 81
9.67075129313377 APERIODIC_JOB_ARRIVAL 1.30987247900404 21
11.2516717008884 APERIODIC_JOB_ARRIVAL 2.21862525689069 20
12.4494308217971 APERIODIC_JOB_ARRIVAL 0.300948893163028 69
15.3426575258937 APERIODIC_JOB_ARRIVAL 1.2300282294844 76
16.5813204937011 APERIODIC_JOB_ARRIVAL 0.541156261924986 11
16.7377691321639 APERIODIC_JOB_ARRIVAL 1.45540975676856 71
16.9587519579828 APERIODIC_JOB_ARRIVAL 0.192187682323811 20
18.5020068285962 APERIODIC_JOB_ARRIVAL 2.30100237654544 40
19.0868841530681 APERIODIC_JOB_ARRIVAL 0.612528130636423 55
19.2329264034625 APERIODIC_JOB_ARRIVAL 0.0657188978367143 84
21.2064963427235 APERIODIC_JOB_ARRIVAL 0.577555366563588 83
21.8619244522548 APERIODIC_JOB_ARRIVAL 1.16459290046977 90
23.0298217764142 APERIODIC_JOB_ARRIVAL 0.736245558229524 34
24.684057697275 APERIODIC_JOB_ARRIVAL 1.89775749613433 44
26.069522439471 APERIODIC_JOB_ARRIVAL 0.588881099207908 70
28.7295861459574 APERIODIC_JOB_ARRIVAL 0.650389822075114 99
28.9367675454146 APERIODIC_JOB_ARRIVAL 0.0557031513292274 83
29.3117892906059 APERIODIC_JOB_ARRIVAL 1.19335041914722 2
30.6570451903692 APERIODIC_JOB_ARRIVAL 4.32641049370325 18
31.1364369986988 APERIODIC_JOB_ARRIVAL 0.855878582770628 78
31.852855579327 APERIODIC_JOB_ARRIVAL 0.585442374640627 65
33.3161156095334 APERIODIC_JOB_ARRIVAL 0.166193175188634 15
34.3784934332482 APERIODIC_JOB_ARRIVAL 0.457911309944291 58
36.3090953502555 APERIODIC_JOB_ARRIVAL 0.521866654229945 30
38.1735004088446 APERIODIC_JOB_ARRIVAL 1.33143859713231 29
38.24730725029 APERIODIC_JOB_ARRIVAL 1.46298096579067 70
38.4469123278851 APERIODIC_JOB_ARRIVAL 0.244009865202002 55
38.9346446369896 APERIODIC_JOB_ARRIVAL 0.185305743697119 2
39.4117319876063 APERIODIC_JOB_ARRIVAL 1.30737958848255 40
39.8967175333209 APERIODIC_JOB_ARRIVAL 2.15987812472893 79
39.9565103354545 APERIODIC_JOB_ARRIVAL 1.96753205554785 54
40.5671510103138 APERIODIC_JOB_ARRIVAL 0.463116610917086 89
40.5797341780018 APERIODIC_JOB_ARRIVAL 3.16954690442427 25
40.8829226550686 APERIODIC_JOB_ARRIVAL 0.49177225288339 91
42.1473306810777 APERIODIC_JOB_ARRIVAL 0.173940795722085 87
42.6382811906339 APERIODIC_JOB_ARRIVAL 2.28151131516687 52
43.9619554659174 APERIODIC_JOB_ARRIVAL 0.509126074957961 20
44.8931995275495 APERIODIC_JOB_ARRIVAL 0.102715874742826 51
44.9666534284887 APERIODIC_JOB_ARRIVAL 1.2768719787894 69
45.42974366399 APERIODIC_JOB_ARRIVAL 1.44536268721354 82
45.5991269911448 APERIODIC_JOB_ARRIVAL 0.0455105984232711 2
45.6499138025181 APERIODIC_JOB_ARRIVAL 0.483252627552051 85
46.3339018875706 APERIODIC_JOB_ARRIVAL 0.283599004505673 72
46.8287384373239 APERIODIC_JOB_ARRIVAL 1.93640485738031 40
46.8865090192656 APERIODIC_JOB_ARRIVAL 1.48799948186877 95
48.4874416862818 APERIODIC_JOB_ARRIVAL 0.812728181181818 93
48.8240250756758 APERIODIC_JOB_ARRIVAL 2.83282231682623 36
49.3497996435225 APERIODIC_JOB_ARRIVAL 0.951183164276395 74
50.1500457947805 APERIODIC_JOB_ARRIVAL 1.1031209414656 96
50.9392691050072 APERIODIC_JOB_ARRIVAL 3.51781622858754 83
53.0477720194167 APERIODIC_JOB_ARRIVAL 0.997696113053119 46
55.5103096905257 APERIODIC_JOB_ARRIVAL 0.29162475460752 48
56.4596847690666 APERIODIC_JOB_ARRIVAL 0.889768399117863 29
57.6967943418758 APERIODIC_JOB_ARRIVAL 4.8097507715225 94
57.7567375095762 APERIODIC_JOB_ARRIVAL 0.767267016411326 71
58.0669346288817 APERIODIC_JOB_ARRIVAL 0.272570559801827 42
58.1662859079443 APERIODIC_JOB_ARRIVAL 0.931894602454152 37
62.9266006629425 APERIODIC_JOB_ARRIVAL 0.583399933865444 2
63.0162296373087 APERIODIC_JOB_ARRIVAL 1.0438423716422 52
63.2105494385338 APERIODIC_JOB_ARRIVAL 1.54445529678099 75
63.4204432619187 APERIODIC_JOB_ARRIVAL 0.00408581035964204 57
63.5213087384655 APERIODIC_JOB_ARRIVAL 2.9107346270392 30
63.8426569601741 APERIODIC_JOB_ARRIVAL 1.68140998290129 83
64.0498484813544 APERIODIC_JOB_ARRIVAL 1.77557359691818 14
64.573459232114 APERIODIC_JOB_ARRIVAL 0.335042244738047 63
65.0597585346751 APERIODIC_JOB_ARRIVAL 1.32539762496373 47
68.3513854937012 APERIODIC_JOB_ARRIVAL 3.45271100142356 52
68.4608264117023 APERIODIC_JOB_ARRIVAL 0.0430776232372293 7
69.3799949668508 APERIODIC_JOB_ARRIVAL 2.02661708714138 72
69.6807116234429 APERIODIC_JOB_ARRIVAL 0.564570334670179 49
69.7800525713462 APERIODIC_JOB_ARRIVAL 0.0322473149647985 24
69.8201360944801 APERIODIC_JOB_ARRIVAL 0.0697274004784006 46
70.3205475375884 APERIODIC_JOB_ARRIVAL 1.14519613799112 95
70.5303011122244 APERIODIC_JOB_ARRIVAL 2.34533283783685 4
71.9106063612697 APERIODIC_JOB_ARRIVAL 1.1409928957166 43
71.9338870995032 APERIODIC_JOB_ARRIVAL 0.74538463508424 93
72.6939715177721 APERIODIC_JOB_ARRIVAL 1.50239502913095 67
73.4279711116048 APERIODIC_JOB_ARRIVAL 0.0829582929005599 61
75.6346198520672 APERIODIC_JOB_ARRIVAL 2.08087871040643 91
75.6417725430058 APERIODIC_JOB_ARRIVAL 0.182846321221734 20
75.8357298715627 APERIODIC_JOB_ARRIVAL 0.74025506169942 62
76.5319868524169 APERIODIC_JOB_ARRIVAL 0.0159518707709503 99
77.1072056943002 APERIODIC_JOB_ARRIVAL 0.658696808035674 86
77.9973090626241 APERIODIC_JOB_ARRIVAL 0.489254101540969 18
82.394038690748 APERIODIC_JOB_ARRIVAL 0.3502410768697 99
82.8569843976953 APERIODIC_JOB_ARRIVAL 0.042588602347628 30
83.3201597704332 APERIODIC_JOB_ARRIVAL 1.04286377650827 29
85.1443468934805 APERIODIC_JOB_ARRIVAL 0.303619140797559 68
85.2265078770452 APERIODIC_JOB_ARRIVAL 0.611630260086623 45
86.9931536182766 APERIODIC_JOB_ARRIVAL 0.164899728772529 55
87.0947617583838 APERIODIC_JOB_ARRIVAL 0.365786304372069 17
87.4230151199796 APERIODIC_JOB_ARRIVAL 0.758706479454173 83
87.9420000803277 APERIODIC_JOB_ARRIVAL 0.679061715588388 10
89.7777749996504 APERIODIC_JOB_ARRIVAL 0.845667432527398 0
90.7448636067197 APERIODIC_JOB_ARRIVAL 0.649960140989519 95
91.1826228033229 APERIODIC_JOB_ARRIVAL 2.41186045609244 49
91.2524713076168 APERIODIC_JOB_ARRIVAL 4.86873545651545 89
91.6845462614978 APERIODIC_JOB_ARRIVAL 0.386790996355054 73
91.9601199654485 APERIODIC_JOB_ARRIVAL 0.38377925004573 14
92.7120640385269 APERIODIC_JOB_ARRIVAL 1.82226750633233 49
92.9599214650605 APERIODIC_JOB_ARRIVAL 0.105788059215856 13
93.3434148803415 APERIODIC_JOB_ARRIVAL 0.909947352777058 96
94.0811212845213 APERIODIC_JOB_ARRIVAL 0.279929948871518 70
95.1757113691484 APERIODIC_JOB_ARRIVAL 3.18858185603381 50
96.9085874492858 APERIODIC_JOB_ARRIVAL 0.309526439297894 21
97.2742640423833 APERIODIC_JOB_ARRIVAL 0.665430079057363 98
97.4045793068324 APERIODIC_JOB_ARRIVAL 0.372959995400287 15
97.7998346520322 APERIODIC_JOB_ARRIVAL 2.10602717063655 11
98.3531469106159 APERIODIC_JOB_ARRIVAL 0.309053540223247 27
100.266015842576 APERIODIC_JOB_ARRIVAL 0.760132721164744 79
101.952080632683 APERIODIC_JOB_ARRIVAL 0.198471542343078 49
102.304168374671 APERIODIC_JOB_ARRIVAL 0.471527142861289 77
102.755189700062 APERIODIC_JOB_ARRIVAL 0.0547033640114391 39
105.020852358106 APERIODIC_JOB_ARRIVAL 0.0624928290355122 69
105.795402211198 APERIODIC_JOB_ARRIVAL 0.666416509776451 31
107.757531060978 APERIODIC_JOB_ARRIVAL 4.10851713005921 87
108.303036579927 APERIODIC_JOB_ARRIVAL 0.287958478120793 27
109.458825602879 APERIODIC_JOB_ARRIVAL 0.891673405082102 65
110.828643721381 APERIODIC_JOB_ARRIVAL 0.0968084830592381 37
111.017430756344 APERIODIC_JOB_ARRIVAL 0.930429898082086 53
113.105265994996 APERIODIC_JOB_ARRIVAL 0.335678459798592 77
114.894501198561 APERIODIC_JOB_ARRIVAL 0.858604875460751 48
115.630617389846 APERIODIC_JOB_ARRIVAL 0.631245774501284 93
116.342493122093 APERIODIC_JOB_ARRIVAL 1.7025371364124 49
116.554124444772 APERIODIC_JOB_ARRIVAL 0.328353372177592 34
117.332715388628 APERIODIC_JOB_ARRIVAL 0.208715002969537 11
117.395617815959 APERIODIC_JOB_ARRIVAL 1.28295158920616 19
117.558487134141 APERIODIC_JOB_ARRIVAL 0.664894959803494 46
117.774620502987 APERIODIC_JOB_ARRIVAL 0.323229435614229 75
118.329055180122 APERIODIC_JOB_ARRIVAL 0.751686863951964 94
123.357649405334 APERIODIC_JOB_ARRIVAL 2.82359071500956 21
123.703450790213 APERIODIC_JOB_ARRIVAL 1.5598718106079 48
124.644188178988 APERIODIC_JOB_ARRIVAL 0.454365114333195 61
127.167061638576 APERIODIC_JOB_ARRIVAL 3.87553504517133 47
128.822943730997 APERIODIC_JOB_ARRIVAL 1.61699765818308 0
129.669306947616 APERIODIC_JOB_ARRIVAL 2.1004036516601 94
129.737048859366 APERIODIC_JOB_ARRIVAL 0.47899317131818 80
131.564060960272 APERIODIC_JOB_ARRIVAL 0.286911036194006 8
131.891191831515 APERIODIC_JOB_ARRIVAL 0.23191131076224 15
132.71050866062 APERIODIC_JOB_ARRIVAL 1.53362683215736 79
133.239893283388 APERIODIC_JOB_ARRIVAL 0.0859917948274439 1
133.777509726154 APERIODIC_JOB_ARRIVAL 2.28652745557923 3
133.990287126034 APERIODIC_JOB_ARRIVAL 0.960247783486306 31
133.993205142327 APERIODIC_JOB_ARRIVAL 0.954545608418783 99
134.14957416749 APERIODIC_JOB_ARRIVAL 0.846459482121906 71
136.572245245308 APERIODIC_JOB_ARRIVAL 0.632545009728421 74
136.613437373806 APERIODIC_JOB_ARRIVAL 1.29647680542368 96
137.369222817756 APERIODIC_JOB_ARRIVAL 0.193987166582919 5
137.496634917918 APERIODIC_JOB_ARRIVAL 0.257082394895862 12
139.206443935936 APERIODIC_JOB_ARRIVAL 0.196982582547068 50
139.782223832646 APERIODIC_JOB_ARRIVAL 0.424128547951391 54
139.941009729088 APERIODIC_JOB_ARRIVAL 0.403619378294221 4
140.412012370803 APERIODIC_JOB_ARRIVAL 0.695427146232261 98
141.511089550563 APERIODIC_JOB_ARRIVAL 0.323508216242705 79
141.53127147993 APERIODIC_JOB_ARRIVAL 0.303433141540458 52
146.233898812127 APERIODIC_JOB_ARRIVAL 0.218094087663943 46
150.453401239105 APERIODIC_JOB_ARRIVAL 0.280585986867792 35
151.171431303786 APERIODIC_JOB_ARRIVAL 0.0301706438401023 69
151.742129290478 APERIODIC_JOB_ARRIVAL 0.555963467446647 41
152.638522450403 APERIODIC_JOB_ARRIVAL 0.227661329112835 80
152.831956571965 APERIODIC_JOB_ARRIVAL 1.17892910502836 57
153.365051534481 APERIODIC_JOB_ARRIVAL 0.00370116879345453 71
154.512632215346 APERIODIC_JOB_ARRIVAL 0.140525934502636 63
154.761900707321 APERIODIC_JOB_ARRIVAL 2.71018648787753 77
156.010630408571 APERIODIC_JOB_ARRIVAL 0.764231283167259 62
156.565219922248 APERIODIC_JOB_ARRIVAL 1.09218955432846 7
157.473527779929 APERIODIC_JOB_ARRIVAL 0.92366173036471 14
159.548891974184 APERIODIC_JOB_ARRIVAL 1.52730645867965 76
160.459081504109 APERIODIC_JOB_ARRIVAL 0.205218970663656 41
160.517561611862 APERIODIC_JOB_ARRIVAL 0.972662585569943 3
161.47339139311 APERIODIC_JOB_ARRIVAL 3.5343949835309 24
165.441889372751 APERIODIC_JOB_ARRIVAL 0.986569091994039 7
166.202765122698 APERIODIC_JOB_ARRIVAL 0.154481612363718 22
167.025158277229 APERIODIC_JOB_ARRIVAL 3.94537219858962 87
167.245702487676 APERIODIC_JOB_ARRIVAL 0.855988582155961 61
167.284180705006 APERIODIC_JOB_ARRIVAL 0.793244236137965 30
167.760140141235 APERIODIC_JOB_ARRIVAL 0.896071182525472 54
167.784927621506 APERIODIC_JOB_ARRIVAL 2.04738270532424 61
168.130857952045 APERIODIC_JOB_ARRIVAL 1.75275212045231 63
168.277167382483 APERIODIC_JOB_ARRIVAL 0.0461042799680657 37
170.574668019413 APERIODIC_JOB_ARRIVAL 0.619754510688377 66
172.430993973965 APERIODIC_JOB_ARRIVAL 0.721936338309185 78
172.599800546208 APERIODIC_JOB_ARRIVAL 0.269656040514217 95
173.630875038006 APERIODIC_JOB_ARRIVAL 0.780551845654092 26
174.440415164152 APERIODIC_JOB_ARRIVAL 0.915354984384264 79
177.077806588294 APERIODIC_JOB_ARRIVAL 0.871758569360761 86
177.890432320286 APERIODIC_JOB_ARRIVAL 0.58468723330639 50
178.149788053418 APERIODIC_JOB_ARRIVAL 3.99766286210865 7
180.195697955601 APERIODIC_JOB_ARRIVAL 0.0311431258435398 69
181.932609548709 APERIODIC_JOB_ARRIVAL 0.211801149652539 52
186.415524473321 APERIODIC_JOB_ARRIVAL 0.0628503039753452 7
189.111346688461 APERIODIC_JOB_ARRIVAL 0.658567041035919 42
189.161133014224 APERIODIC_JOB_ARRIVAL 0.15550710330649 12
191.130929931886 APERIODIC_JOB_ARRIVAL 0.658084460454466 20
193.74002385629 APERIODIC_JOB_ARRIVAL 0.119318317098832 35
193.831861126909 APERIODIC_JOB_ARRIVAL 0.543953119766645 84
196.828718788228 APERIODIC_JOB_ARRIVAL 0.342937757399222 68
197.469579030798 APERIODIC_JOB_ARRIVAL 0.736102398020117 71
198.046890358002 APERIODIC_JOB_ARRIVAL 0.0700250816271354 29
198.929481280797 APERIODIC_JOB_ARRIVAL 0.225688736858672 45
199.446344614841 APERIODIC_JOB_ARRIVAL 1.71434386689938 26
202.497021469066 APERIODIC_JOB_ARRIVAL 0.414039383772248 59
203.377445662319 APERIODIC_JOB_ARRIVAL 0.577779992949697 46
203.724788616704 APERIODIC_JOB_ARRIVAL 1.47739953760087 58
206.578215013408 APERIODIC_JOB_ARRIVAL 0.211200027886787 14
206.687423491686 APERIODIC_JOB_ARRIVAL 0.413288652576436 85
210.322164465853 APERIODIC_JOB_ARRIVAL 0.576239661811615 96
210.657443317512 APERIODIC_JOB_ARRIVAL 0.140071693998032 11
211.535314927664 APERIODIC_JOB_ARRIVAL 0.950648741908743 25
212.428720640112 APERIODIC_JOB_ARRIVAL 2.43208729968954 73
213.483577194527 APERIODIC_JOB_ARRIVAL 0.128431016340136 61
213.553091542456 APERIODIC_JOB_ARRIVAL 2.91827084025751 36
213.672882448368 APERIODIC_JOB_ARRIVAL 1.87799365811562 6
213.848905794239 APERIODIC_JOB_ARRIVAL 0.577158425351663 40
214.031452376686 APERIODIC_JOB_ARRIVAL 1.19325999733212 68
214.045718793536 APERIODIC_JOB_ARRIVAL 0.453186721762178 76
214.749835798933 APERIODIC_JOB_ARRIVAL 0.665617876995153 95
215.290579308806 APERIODIC_JOB_ARRIVAL 0.660177549045566 29
215.388114857864 APERIODIC_JOB_ARRIVAL 0.0955045222327055 17
217.897486612095 APERIODIC_JOB_ARRIVAL 0.978803541438354 59
219.078998420705 APERIODIC_JOB_ARRIVAL 0.801198110538384 32
219.609992097404 APERIODIC_JOB_ARRIVAL 0.495556334908455 24
220.72539997287 APERIODIC_JOB_ARRIVAL 3.62887964064231 68
222.438269970784 APERIODIC_JOB_ARRIVAL 0.647160812343763 52
223.682940235572 APERIODIC_JOB_ARRIVAL 1.04880758324007 62
223.696457685326 APERIODIC_JOB_ARRIVAL 1.1997339671064 49
224.182237285924 APERIODIC_JOB_ARRIVAL 0.0598188059958501 27
224.309785407249 APERIODIC_JOB_ARRIVAL 2.38218545526887 83
225.05780000575 APERIODIC_JOB_ARRIVAL 0.182541911192377 40
226.542797489112 APERIODIC_JOB_ARRIVAL 1.2787244399948 97
226.872552820202 APERIODIC_JOB_ARRIVAL 1.72010208758751 29
227.481710911984 APERIODIC_JOB_ARRIVAL 5.88977462827828 67
227.954091806406 APERIODIC_JOB_ARRIVAL 1.33137664471827 17
230.14161808048 APERIODIC_JOB_ARRIVAL 0.00927793683534469 54
231.623694506375 APERIODIC_JOB_ARRIVAL 0.267805717882819 10
233.394818962016 APERIODIC_JOB_ARRIVAL 1.73603977126151 96
233.901262985944 APERIODIC_JOB_ARRIVAL 0.254356488598595 4
235.590189929374 APERIODIC_JOB_ARRIVAL 3.21712030234912 80
235.930803234709 APERIODIC_JOB_ARRIVAL 1.76279889189288 68
236.073946411369 APERIODIC_JOB_ARRIVAL 0.348950508090915 4
236.833615191932 APERIODIC_JOB_ARRIVAL 2.19791306265045 70
237.024102252549 APERIODIC_JOB_ARRIVAL 2.36717187437059 0
238.373775654692 APERIODIC_JOB_ARRIVAL 0.776043671228972 69
238.968643533218 APERIODIC_JOB_ARRIVAL 1.55112413066192 58
239.374963833622 APERIODIC_JOB_ARRIVAL 1.49458624966632 71
240.514035741429 APERIODIC_JOB_ARRIVAL 0.453502242073376 9
240.681635188144 APERIODIC_JOB_ARRIVAL 0.712438479970681 25
241.046077734133 APERIODIC_JOB_ARRIVAL 0.801254828295451 54
241.280739540872 APERIODIC_JOB_ARRIVAL 0.958007223996572 41
241.449401836429 APERIODIC_JOB_ARRIVAL 0.0917942397119164 9
241.491341636961 APERIODIC_JOB_ARRIVAL 1.91666626412653 60
242.219158754299 APERIODIC_JOB_ARRIVAL 2.53259225688742 94
244.919252040082 APERIODIC_JOB_ARRIVAL 0.613677021802128 91
247.757763947041 APERIODIC_JOB_ARRIVAL 0.552260795164034 75
247.955931195222 APERIODIC_JOB_ARRIVAL 0.755614609966725 36
248.185286054644 APERIODIC_JOB_ARRIVAL 0.883254906366858 4
250.414413816073 APERIODIC_JOB_ARRIVAL 0.0536365969990043 95
251.154656712848 APERIODIC_JOB_ARRIVAL 1.10538752872919 27
251.657569428514 APERIODIC_JOB_ARRIVAL 2.04669066298215 39
251.941683700874 APERIODIC_JOB_ARRIVAL 0.752228771205492 75
252.62105960023 APERIODIC_JOB_ARRIVAL 0.417375085489927 80
253.706561865089 APERIODIC_JOB_ARRIVAL 0.297098701165775 2
254.88551936544 APERIODIC_JOB_ARRIVAL 0.440145775116188 31
255.729048772959 APERIODIC_JOB_ARRIVAL 2.43576035755497 26
256.361898280031 APERIODIC_JOB_ARRIVAL 1.0084579774736 86
260.536881459277 APERIODIC_JOB_ARRIVAL 0.700319512376557 90
261.794547817136 APERIODIC_JOB_ARRIVAL 2.23065251323155 87
262.480696966145 APERIODIC_JOB_ARRIVAL 1.02635528548791 58
263.185172490241 APERIODIC_JOB_ARRIVAL 1.29692375021053 60
264.259290038584 APERIODIC_JOB_ARRIVAL 0.684491621991844 36
267.474215458301 APERIODIC_JOB_ARRIVAL 0.800128204154362 66
268.910130075487 APERIODIC_JOB_ARRIVAL 0.706889984364311 49
269.784273309141 APERIODIC_JOB_ARRIVAL 1.6933117330351 69
270.766054361107 APERIODIC_JOB_ARRIVAL 0.174872887643187 65
271.378979008939 APERIODIC_JOB_ARRIVAL 0.482985821209876 44
272.835548067973 APERIODIC_JOB_ARRIVAL 3.26192060013076 85
274.398103253323 APERIODIC_JOB_ARRIVAL 1.94886592269589 63
275.735398599828 APERIODIC_JOB_ARRIVAL 0.981424820620623 50
277.438834123674 APERIODIC_JOB_ARRIVAL 0.978368080760822 43
277.698649715286 APERIODIC_JOB_ARRIVAL 3.17763987794953 10
277.765777241905 APERIODIC_JOB_ARRIVAL 2.18353163790859 82
277.929547285172 APERIODIC_JOB_ARRIVAL 2.02556426795503 96
278.542999545347 APERIODIC_JOB_ARRIVAL 0.213774378549786 99
279.348110011182 APERIODIC_JOB_ARRIVAL 1.36406512049198 50
279.73953612373 APERIODIC_JOB_ARRIVAL 0.111448092910812 25
280.282230698373 APERIODIC_JOB_ARRIVAL 0.517963283456549 85
281.638032159691 APERIODIC_JOB_ARRIVAL 2.95394998846027 73
281.641082020166 APERIODIC_JOB_ARRIVAL 1.98003709624662 27
283.584457826974 APERIODIC_JOB_ARRIVAL 0.149117788046886 21
285.901965500103 APERIODIC_JOB_ARRIVAL 0.00156315129996061 81
286.345976813974 APERIODIC_JOB_ARRIVAL 1.51666852300111 21
286.461052873871 APERIODIC_JOB_ARRIVAL 1.64523490067443 90
287.260831161049 APERIODIC_JOB_ARRIVAL 0.220023879588777 83
287.770148067942 APERIODIC_JOB_ARRIVAL 0.0825765078990135 80
289.625108207671 APERIODIC_JOB_ARRIVAL 0.181110235916281 75
290.813543124595 APERIODIC_JOB_ARRIVAL 2.52766238080255 45
291.717412420256 APERIODIC_JOB_ARRIVAL 0.287284787385632 56
292.03272538752 APERIODIC_JOB_ARRIVAL 0.270011070207936 48
292.684191349143 APERIODIC_JOB_ARRIVAL 2.729474559647 36
293.304898030976 APERIODIC_JOB_ARRIVAL 0.129184620510098 60
294.579575285494 APERIODIC_JOB_ARRIVAL 1.05802914146695 42
296.065938932009 APERIODIC_JOB_ARRIVAL 0.733788485090914 72
296.083804501117 APERIODIC_JOB_ARRIVAL 0.375736938544579 30
296.274700826146 APERIODIC_JOB_ARRIVAL 2.84259824374421 38
297.768657292281 APERIODIC_JOB_ARRIVAL 0.205767323754016 55
300.290755567995 APERIODIC_JOB_ARRIVAL 0.044595828564194 25
301.641341505917 APERIODIC_JOB_ARRIVAL 0.946727701427318 71
301.929629927825 APERIODIC_JOB_ARRIVAL 3.37548681148156 86
302.720841539007 APERIODIC_JOB_ARRIVAL 0.328433849833341 14
304.223823059801 APERIODIC_JOB_ARRIVAL 0.773741816521656 50
304.486187288308 APERIODIC_JOB_ARRIVAL 0.416751255102055 34
306.632951577645 APERIODIC_JOB_ARRIVAL 0.938455673448262 75
306.813103851732 APERIODIC_JOB_ARRIVAL 0.253281437572854 17
309.379897046445 APERIODIC_JOB_ARRIVAL 1.54482423365227 96
315.52776099163 APERIODIC_JOB_ARRIVAL 0.129622330388322 25
316.716306393535 APERIODIC_JOB_ARRIVAL 1.79112119586827 24
316.971341646294 APERIODIC_JOB_ARRIVAL 0.533401110299237 4
317.778624683861 APERIODIC_JOB_ARRIVAL 1.44178047195152 11
318.884779155168 APERIODIC_JOB_ARRIVAL 1.40332892975703 5
319.579508357157 APERIODIC_JOB_ARRIVAL 0.0771949409853662 78
321.672418095095 APERIODIC_JOB_ARRIVAL 2.00971990064647 44
322.97564345216 APERIODIC_JOB_ARRIVAL 1.38981627002408 5
325.051456110677 APERIODIC_JOB_ARRIVAL 0.870923511492528 38
326.674135924372 APERIODIC_JOB_ARRIVAL 0.168713540347915 58
327.614728397379 APERIODIC_JOB_ARRIVAL 0.74672206859079 14
327.859931323814 APERIODIC_JOB_ARRIVAL 0.0425638199372741 50
328.129138637367 APERIODIC_JOB_ARRIVAL 1.55521993947505 47
328.607236427938 APERIODIC_JOB_ARRIVAL 0.189285490563917 31
328.93777939587 APERIODIC_JOB_ARRIVAL 1.61689813009248 79
329.784088505931 APERIODIC_JOB_ARRIVAL 2.10296860644459 56
333.551640576497 APERIODIC_JOB_ARRIVAL 0.780593277103605 76
334.468476135462 APERIODIC_JOB_ARRIVAL 0.946430022780621 19
334.558200903667 APERIODIC_JOB_ARRIVAL 0.134245982390993 0
334.804727204192 APERIODIC_JOB_ARRIVAL 0.344158025440927 63
335.78194308237 APERIODIC_JOB_ARRIVAL 0.153544733662185 77
339.65503491053 APERIODIC_JOB_ARRIVAL 0.53587813294756 22
340.756083878559 APERIODIC_JOB_ARRIVAL 0.0509879308917818 2
342.070051622616 APERIODIC_JOB_ARRIVAL 1.66088848975397 1
342.146221959524 APERIODIC_JOB_ARRIVAL 0.13379336406547 43
347.355812026098 APERIODIC_JOB_ARRIVAL 2.8275680136394 1
347.928851995093 APERIODIC_JOB_ARRIVAL 0.000229051830126778 77
349.414348730553 APERIODIC_JOB_ARRIVAL 0.212059818505007 76
352.27975216299 APERIODIC_JOB_ARRIVAL 0.191787843119728 67
352.535964671222 APERIODIC_JOB_ARRIVAL 1.37529057191519 28
352.922644598456 APERIODIC_JOB_ARRIVAL 0.000155327599432466 79
354.375534201481 APERIODIC_JOB_ARRIVAL 4.58116039233695 34
355.303692611604 APERIODIC_JOB_ARRIVAL 2.03552747361413 85
356.142841123122 APERIODIC_JOB_ARRIVAL 0.0754111890357556 13
357.487644565323 APERIODIC_JOB_ARRIVAL 0.815208149087672 80
359.548662732436 APERIODIC_JOB_ARRIVAL 0.0174809681101576 7
360.571803242784 APERIODIC_JOB_ARRIVAL 0.327527517834579 53
361.29843755978 APERIODIC_JOB_ARRIVAL 0.797996107222529 60
361.881742327988 APERIODIC_JOB_ARRIVAL 0.114593085327062 65
362.814095968389 APERIODIC_JOB_ARRIVAL 0.374874670870527 10
363.80261226392 APERIODIC_JOB_ARRIVAL 1.23019254231359 60
364.29898154118 APERIODIC_JOB_ARRIVAL 0.230693664393142 1
364.40120360597 APERIODIC_JOB_ARRIVAL 1.0501726756172 18
364.534151873709 APERIODIC_JOB_ARRIVAL 0.850315819638682 24
364.735362419607 APERIODIC_JOB_ARRIVAL 1.00559527197558 19
366.331327499927 APERIODIC_JOB_ARRIVAL 1.75265483264867 52
366.402956243607 APERIODIC_JOB_ARRIVAL 0.387891608137451 44
366.570276299422 APERIODIC_JOB_ARRIVAL 0.15105706201218 86
366.620057920498 APERIODIC_JOB_ARRIVAL 0.123609999928505 83
367.747672298152 APERIODIC_JOB_ARRIVAL 0.390986244075922 0
369.06169930573 APERIODIC_JOB_ARRIVAL 2.02673242422238 73
369.664533252209 APERIODIC_JOB_ARRIVAL 0.503889681875598 71
370.9994927212 APERIODIC_JOB_ARRIVAL 0.896599403061332 52
373.679344388528 APERIODIC_JOB_ARRIVAL 0.249951209595835 39
376.234642433181 APERIODIC_JOB_ARRIVAL 0.559287076330918 45
377.692632659757 APERIODIC_JOB_ARRIVAL 0.303982562493043 34
379.075237960437 APERIODIC_JOB_ARRIVAL 0.847392947092318 60
380.914403737057 APERIODIC_JOB_ARRIVAL 1.7042800611273 38
382.276610914012 APERIODIC_JOB_ARRIVAL 0.862039537000801 42
382.794037360186 APERIODIC_JOB_ARRIVAL 3.76801603716316 59
384.606487050465 APERIODIC_JOB_ARRIVAL 0.6760828333999 33
384.956832148018 APERIODIC_JOB_ARRIVAL 0.468310573657351 71
386.790300449332 APERIODIC_JOB_ARRIVAL 0.108680861184993 48
388.256437396704 APERIODIC_JOB_ARRIVAL 0.343853656487807 63
391.637890487144 APERIODIC_JOB_ARRIVAL 0.301357830203124 89
392.015913234563 APERIODIC_JOB_ARRIVAL 0.977917504777462 75
392.893743192056 APERIODIC_JOB_ARRIVAL 0.241013589626243 15
393.759124565306 APERIODIC_JOB_ARRIVAL 0.188209619051284 54
395.14116189368 APERIODIC_JOB_ARRIVAL 0.886873475340319 2
395.510696189358 APERIODIC_JOB_ARRIVAL 2.05351663738406 58
395.765289520689 APERIODIC_JOB_ARRIVAL 0.190939695959888 6
397.787929805308 APERIODIC_JOB_ARRIVAL 1.14749111959617 87
397.81189299737 APERIODIC_JOB_ARRIVAL 0.0380572824597048 78
397.978071585066 APERIODIC_JOB_ARRIVAL 2.58486144461696 51
397.992689619611 APERIODIC_JOB_ARRIVAL 0.149937476222684 42
398.591997736157 APERIODIC_JOB_ARRIVAL 0.185205938083826 5
398.627567197375 APERIODIC_JOB_ARRIVAL 0.556687096699931 17
399.047475305989 APERIODIC_JOB_ARRIVAL 0.932598784836782 27
400.138685149829 APERIODIC_JOB_ARRIVAL 0.850114943610917 12
400.26986805808 APERIODIC_JOB_ARRIVAL 0.101734220610138 86
400.596637206395 APERIODIC_JOB_ARRIVAL 0.483029976472666 10
400.940533607202 APERIODIC_JOB_ARRIVAL 0.205315137763347 99
401.065257036962 APERIODIC_JOB_ARRIVAL 0.729455400553548 32
401.926730489815 APERIODIC_JOB_ARRIVAL 0.171317308501309 94
402.684415389945 APERIODIC_JOB_ARRIVAL 1.42982403904526 99
402.920047658977 APERIODIC_JOB_ARRIVAL 0.663388880109091 64
403.96756000662 APERIODIC_JOB_ARRIVAL 1.67486528221613 7
405.856734713759 APERIODIC_JOB_ARRIVAL 3.7172050694851 62
407.988035881689 APERIODIC_JOB_ARRIVAL 0.190856484378161 62
407.993955291182 APERIODIC_JOB_ARRIVAL 0.341880135279615 16
409.013334735315 APERIODIC_JOB_ARRIVAL 4.7545377741367 79
412.761532752607 APERIODIC_JOB_ARRIVAL 2.65318286044052 4
414.071271655241 APERIODIC_JOB_ARRIVAL 3.37942205458128 18
414.272162311109 APERIODIC_JOB_ARRIVAL 1.25264534488155 48
414.326906170511 APERIODIC_JOB_ARRIVAL 2.10091879974275 3
415.207565125049 APERIODIC_JOB_ARRIVAL 0.845798655912272 8
416.439065330919 APERIODIC_JOB_ARRIVAL 1.42093759111731 45
418.912764350117 APERIODIC_JOB_ARRIVAL 2.59543767039799 14
420.157473971593 APERIODIC_JOB_ARRIVAL 1.05744806954582 27
420.341152206998 APERIODIC_JOB_ARRIVAL 0.105040078938044 34
420.685736900874 APERIODIC_JOB_ARRIVAL 0.54099664600196 82
420.956060445683 APERIODIC_JOB_ARRIVAL 0.0998711164581476 6
422.53311802965 APERIODIC_JOB_ARRIVAL 0.222026268985503 63
422.563414403582 APERIODIC_JOB_ARRIVAL 1.62485546840229 1
423.415318085409 APERIODIC_JOB_ARRIVAL 0.454633079607566 42
424.297070253495 APERIODIC_JOB_ARRIVAL 0.474612737099668 98
425.662430099876 APERIODIC_JOB_ARRIVAL 0.389339731541158 94
425.825291838164 APERIODIC_JOB_ARRIVAL 0.551825348798639 5
426.007370484827 APERIODIC_JOB_ARRIVAL 0.675762532708665 17
430.022275317534 APERIODIC_JOB_ARRIVAL 0.0731680761334411 53
431.852785118357 APERIODIC_JOB_ARRIVAL 2.01048072822495 71
432.673832596727 APERIODIC_JOB_ARRIVAL 0.449026394154241 17
433.523319341305 APERIODIC_JOB_ARRIVAL 0.750857600549114 36
434.367185770813 APERIODIC_JOB_ARRIVAL 1.10331092496101 35
434.397829844129 APERIODIC_JOB_ARRIVAL 0.729927079018836 33
434.785636017303 APERIODIC_JOB_ARRIVAL 1.10332992816654 41
435.61268289037 APERIODIC_JOB_ARRIVAL 2.30880243785107 63
436.219305484915 APERIODIC_JOB_ARRIVAL 0.681457341666441 90
436.895565284895 APERIODIC_JOB_ARRIVAL 0.285862147197145 74
438.248047351734 APERIODIC_JOB_ARRIVAL 0.559030059116916 30
438.426770387251 APERIODIC_JOB_ARRIVAL 4.14650499539771 76
439.037402222901 APERIODIC_JOB_ARRIVAL 0.602455045947221 12
439.480974362011 APERIODIC_JOB_ARRIVAL 1.62821289163679 3
439.590125816618 APERIODIC_JOB_ARRIVAL 1.51009991698018 18
440.90716428564 APERIODIC_JOB_ARRIVAL 0.87231246588931 15
442.291299550097 APERIODIC_JOB_ARRIVAL 0.499845591226911 73
443.180133544253 APERIODIC_JOB_ARRIVAL 1.23133153538325 86
446.179785570407 APERIODIC_JOB_ARRIVAL 1.20044467263802 16
446.603443715761 APERIODIC_JOB_ARRIVAL 0.501309642031815 18
446.893415428961 APERIODIC_JOB_ARRIVAL 0.168710179495003 97
448.030599251202 APERIODIC_JOB_ARRIVAL 1.08919984596136 61
449.57292146264 APERIODIC_JOB_ARRIVAL 0.511077432693449 13
449.946662785019 APERIODIC_JOB_ARRIVAL 1.12024794064863 82
450.130386509349 APERIODIC_JOB_ARRIVAL 2.39004999093793 83
450.209626889009 APERIODIC_JOB_ARRIVAL 0.173874367903647 80
450.211440716803 APERIODIC_JOB_ARRIVAL 0.592761233227849 6
450.242393169149 APERIODIC_JOB_ARRIVAL 1.88251002884286 25
450.416478163279 APERIODIC_JOB_ARRIVAL 0.422555632319844 55
451.358906083567 APERIODIC_JOB_ARRIVAL 1.07005005246598 20
453.255326696072 APERIODIC_JOB_ARRIVAL 0.141914961308961 93
454.454089533227 APERIODIC_JOB_ARRIVAL 1.53797617782818 58
454.877989108572 APERIODIC_JOB_ARRIVAL 0.87511319071567 53
454.968692522277 APERIODIC_JOB_ARRIVAL 0.674010946310226 17
455.514115634827 APERIODIC_JOB_ARRIVAL 0.0281666760393633 39
456.163174456643 APERIODIC_JOB_ARRIVAL 1.74865626480111 30
457.088326132009 APERIODIC_JOB_ARRIVAL 0.402371185403794 81
457.485019373931 APERIODIC_JOB_ARRIVAL 1.91938903262345 12
458.993484798878 APERIODIC_JOB_ARRIVAL 1.46387850033595 38
460.150597217688 APERIODIC_JOB_ARRIVAL 2.41211267505249 12
460.95124985825 APERIODIC_JOB_ARRIVAL 0.912273558294274 31
461.578273674096 APERIODIC_JOB_ARRIVAL 0.386381466759559 76
462.911839817269 APERIODIC_JOB_ARRIVAL 2.32465058563532 15
463.39124106345 APERIODIC_JOB_ARRIVAL 0.168885983775426 96
463.434301585337 APERIODIC_JOB_ARRIVAL 0.385231612220665 48
463.581532482866 APERIODIC_JOB_ARRIVAL 0.817214091001466 66
463.716655031388 APERIODIC_JOB_ARRIVAL 1.36979802442753 72
464.142514700101 APERIODIC_JOB_ARRIVAL 1.18086667752992 47
464.256325088589 APERIODIC_JOB_ARRIVAL 0.37892664932771 90
464.768462800356 APERIODIC_JOB_ARRIVAL 0.510426398601053 0
467.747558327717 APERIODIC_JOB_ARRIVAL 0.401935989017881 53
471.55678971207 APERIODIC_JOB_ARRIVAL 0.383273711560739 12
474.086397349161 APERIODIC_JOB_ARRIVAL 1.28222493740716 89
475.547343278312 APERIODIC_JOB_ARRIVAL 0.0788403545214957 91
475.972853554893 APERIODIC_JOB_ARRIVAL 0.288206136250622 55
478.200242550502 APERIODIC_JOB_ARRIVAL 1.68274939500614 88
479.215179411044 APERIODIC_JOB_ARRIVAL 0.72519368768703 20
480.071338094791 APERIODIC_JOB_ARRIVAL 1.13036662425408 53
480.112279949812 APERIODIC_JOB_ARRIVAL 4.26262670916692 90
480.43541710546 APERIODIC_JOB_ARRIVAL 2.35125933481938 18
482.148745905463 APERIODIC_JOB_ARRIVAL 0.891871903518358 52
482.348378171951 APERIODIC_JOB_ARRIVAL 1.16477481267003 7
483.396652866106 APERIODIC_JOB_ARRIVAL 1.65378622731605 63
487.369171764733 APERIODIC_JOB_ARRIVAL 1.02132270765801 89
488.230048636788 APERIODIC_JOB_ARRIVAL 0.312878169390836 41
488.24616940501 APERIODIC_JOB_ARRIVAL 0.0479348595337598 62
488.438969364708 APERIODIC_JOB_ARRIVAL 0.209784009766489 97
488.738014592922 APERIODIC_JOB_ARRIVAL 0.168603188549468 58
489.75339977715 APERIODIC_JOB_ARRIVAL 0.00114175518457433 8
490.32028119009 APERIODIC_JOB_ARRIVAL 0.710050274976829 85
492.582574358251 APERIODIC_JOB_ARRIVAL 0.805278501562351 51
493.856971871211 APERIODIC_JOB_ARRIVAL 0.785409514258429 89
494.034010554102 APERIODIC_JOB_ARRIVAL 4.63272100082095 48
494.834419063422 APERIODIC_JOB_ARRIVAL 1.94547445099 3
498.860300446419 APERIODIC_JOB_ARRIVAL 3.08103999706785 82
499.967391674934 APERIODIC_JOB_ARRIVAL 1.88874867228964 86
500.424746794877 APERIODIC_JOB_ARRIVAL 3.26396460789442 94
502.659870396601 APERIODIC_JOB_ARRIVAL 0.743016310550119 74
503.003738922191 APERIODIC_JOB_ARRIVAL 0.0934897240544823 82
503.401431644477 APERIODIC_JOB_ARRIVAL 0.740057488924776 31
505.192247788262 APERIODIC_JOB_ARRIVAL 0.424319993631475 63
505.978290592676 APERIODIC_JOB_ARRIVAL 0.342289031365539 26
506.01650299403 APERIODIC_JOB_ARRIVAL 0.554063730500785 5
507.363797997379 APERIODIC_JOB_ARRIVAL 0.212717950432311 78
508.978732739124 APERIODIC_JOB_ARRIVAL 0.516992141642687 15
510.908561585766 APERIODIC_JOB_ARRIVAL 0.0881829758462949 37
511.401313491055 APERIODIC_JOB_ARRIVAL 1.55421854030361 65
511.618495284515 APERIODIC_JOB_ARRIVAL 2.19663441957733 42
513.041998139839 APERIODIC_JOB_ARRIVAL 0.235972573712414 47
513.443041239184 APERIODIC_JOB_ARRIVAL 1.01103448197846 50
514.04970024119 APERIODIC_JOB_ARRIVAL 1.41324205199357 42
517.151803540768 APERIODIC_JOB_ARRIVAL 0.0860382213822191 39
517.424966380886 APERIODIC_JOB_ARRIVAL 0.000308942590482745 58
517.826919599677 APERIODIC_JOB_ARRIVAL 1.8439987755821 15
518.940151470707 APERIODIC_JOB_ARRIVAL 0.30665853235512 29
520.672964128933 APERIODIC_JOB_ARRIVAL 0.359854092728237 38
523.332171212515 APERIODIC_JOB_ARRIVAL 0.451492262703057 28
524.043615841146 APERIODIC_JOB_ARRIVAL 0.391591294281646 69
524.27420880932 APERIODIC_JOB_ARRIVAL 0.662019668327214 56
525.545235775405 APERIODIC_JOB_ARRIVAL 0.24333578369968 94
525.559932799195 APERIODIC_JOB_ARRIVAL 1.50583968707711 69
526.429395867911 APERIODIC_JOB_ARRIVAL 1.27851640703975 90
527.664645707392 APERIODIC_JOB_ARRIVAL 1.6400947868556 37
529.705762600039 APERIODIC_JOB_ARRIVAL 0.477337716085219 84
529.721579493976 APERIODIC_JOB_ARRIVAL 0.103485886585742 8
529.748083952356 APERIODIC_JOB_ARRIVAL 0.41061105986618 42
530.579292004623 APERIODIC_JOB_ARRIVAL 1.6678047992433 65
531.331769317584 APERIODIC_JOB_ARRIVAL 2.29196193542745 5
531.881942245728 APERIODIC_JOB_ARRIVAL 0.6003621522469 0
532.958604066986 APERIODIC_JOB_ARRIVAL 0.529238929613123 29
534.072079980692 APERIODIC_JOB_ARRIVAL 0.460754090103428 18
534.406368491281 APERIODIC_JOB_ARRIVAL 0.970424295145507 53
537.253547235762 APERIODIC_JOB_ARRIVAL 1.2909822813181 77
538.46659305528 APERIODIC_JOB_ARRIVAL 0.15429912144948 70
540.117317924483 APERIODIC_JOB_ARRIVAL 0.784736049625215 21
547.004924951757 APERIODIC_JOB_ARRIVAL 0.317692979413227 52
547.468731472475 APERIODIC_JOB_ARRIVAL 0.175655950195862 50
547.500891153231 APERIODIC_JOB_ARRIVAL 0.532326181595276 20
548.68258565436 APERIODIC_JOB_ARRIVAL 0.599068635276659 50
548.978470165542 APERIODIC_JOB_ARRIVAL 0.475513360973768 34
551.115868214988 APERIODIC_JOB_ARRIVAL 1.11030993611953 59
552.118720977651 APERIODIC_JOB_ARRIVAL 0.553861125865191 69
552.186639996826 APERIODIC_JOB_ARRIVAL 0.550719661309077 41
554.16126719477 APERIODIC_JOB_ARRIVAL 0.823205894471225 77
555.88649072077 APERIODIC_JOB_ARRIVAL 0.325904004798611 21
555.934658133925 APERIODIC_JOB_ARRIVAL 3.32017363989054 29
556.382586192436 APERIODIC_JOB_ARRIVAL 1.06385388253483 48
557.018921928594 APERIODIC_JOB_ARRIVAL 0.17839853176926 0
557.138599013409 APERIODIC_JOB_ARRIVAL 0.990720209036792 37
558.105507725726 APERIODIC_JOB_ARRIVAL 0.236959658156824 4
561.034353693303 APERIODIC_JOB_ARRIVAL 0.195161438686633 39
562.536427945241 APERIODIC_JOB_ARRIVAL 0.794971371653989 73
564.520659335075 APERIODIC_JOB_ARRIVAL 2.56254818686356 88
566.197906073546 APERIODIC_JOB_ARRIVAL 2.53813415112851 45
566.601817299201 APERIODIC_JOB_ARRIVAL 0.0992263247491467 25
568.787376540153 APERIODIC_JOB_ARRIVAL 0.621765454460547 35
571.530514738295 APERIODIC_JOB_ARRIVAL 2.56639841595422 53
572.353948748861 APERIODIC_JOB_ARRIVAL 0.102391154718098 43
572.766968984294 APERIODIC_JOB_ARRIVAL 0.661790046490815 70
573.637826600432 APERIODIC_JOB_ARRIVAL 0.232085293680346 62
577.008711901912 APERIODIC_JOB_ARRIVAL 0.987467170264221 57
578.459801784423 APERIODIC_JOB_ARRIVAL 1.43275840743506 92
580.33238125768 APERIODIC_JOB_ARRIVAL 0.949741817116207 34
580.364499601309 APERIODIC_JOB_ARRIVAL 0.0100122960467776 73
581.306900643786 APERIODIC_JOB_ARRIVAL 0.27601319698948 79
581.92897867284 APERIODIC_JOB_ARRIVAL 1.36910526805097 31
582.642757439909 APERIODIC_JOB_ARRIVAL 1.91605033452807 74
583.002718717104 APERIODIC_JOB_ARRIVAL 0.365043228041952 10
584.473649346343 APERIODIC_JOB_ARRIVAL 1.56349301994375 30
588.182779326643 APERIODIC_JOB_ARRIVAL 0.163146487525277 26
589.206636983226 APERIODIC_JOB_ARRIVAL 2.38154845506573 10
589.950291353925 APERIODIC_JOB_ARRIVAL 1.56385793661906 6
589.951796117624 APERIODIC_JOB_ARRIVAL 0.200350769758163 0
590.62616450992 APERIODIC_JOB_ARRIVAL 0.048559085657371 8
591.150409980269 APERIODIC_JOB_ARRIVAL 1.55049811395712 79
591.226732965705 APERIODIC_JOB_ARRIVAL 0.77123522074743 55
591.836229491123 APERIODIC_JOB_ARRIVAL 1.16030280408261 39
596.081048999021 APERIODIC_JOB_ARRIVAL 0.839902340538672 37
596.847634290676 APERIODIC_JOB_ARRIVAL 0.719873696079171 65
597.259001363581 APERIODIC_JOB_ARRIVAL 1.55018174761346 60
597.748675330678 APERIODIC_JOB_ARRIVAL 0.429294773331018 52
598.004154147468 APERIODIC_JOB_ARRIVAL 0.0545282370157384 23
599.511170986334 APERIODIC_JOB_ARRIVAL 0.0186738435261875 11
601.048895135103 APERIODIC_JOB_ARRIVAL 0.304625758519233 57
601.818461557956 APERIODIC_JOB_ARRIVAL 0.202273235361802 96
603.10005779518 APERIODIC_JOB_ARRIVAL 0.548738077876191 33
604.280953965686 APERIODIC_JOB_ARRIVAL 0.906854603601105 15
609.1585218384 APERIODIC_JOB_ARRIVAL 1.71751302630797 52
610.147198026509 APERIODIC_JOB_ARRIVAL 3.00225532171212 11
610.202310830346 APERIODIC_JOB_ARRIVAL 0.256933948397803 5
610.912895101053 APERIODIC_JOB_ARRIVAL 0.77752557420528 8
611.000635110875 APERIODIC_JOB_ARRIVAL 2.92361831037189 92
612.02601080701 APERIODIC_JOB_ARRIVAL 0.607378559671569 69
613.505729055218 APERIODIC_JOB_ARRIVAL 0.141345498159108 81
613.893679637031 APERIODIC_JOB_ARRIVAL 0.0352015089416015 32
615.099095134476 APERIODIC_JOB_ARRIVAL 5.63254774117641 61
616.139413141286 APERIODIC_JOB_ARRIVAL 0.110709227581924 37
616.560430017425 APERIODIC_JOB_ARRIVAL 0.431454034538463 96
616.943181249431 APERIODIC_JOB_ARRIVAL 2.15420400305949 41
617.02296376417 APERIODIC_JOB_ARRIVAL 0.118697802299792 52
617.98230293494 APERIODIC_JOB_ARRIVAL 0.462813475493398 89
618.053556836978 APERIODIC_JOB_ARRIVAL 0.28914931421685 12
618.450646228678 APERIODIC_JOB_ARRIVAL 1.61066912404175 50
618.621332695828 APERIODIC_JOB_ARRIVAL 3.62066844986082 96
621.117312990307 APERIODIC_JOB_ARRIVAL 0.421012205799104 88
622.941895200561 APERIODIC_JOB_ARRIVAL 2.02635503629064 70
624.10970043496 APERIODIC_JOB_ARRIVAL 0.857203532796631 98
625.952293267424 APERIODIC_JOB_ARRIVAL 0.186861969276395 21
625.969998101725 APERIODIC_JOB_ARRIVAL 0.284693504464537 54
627.488801910948 APERIODIC_JOB_ARRIVAL 3.53687643209653 36
627.692113826742 APERIODIC_JOB_ARRIVAL 0.443285078595536 81
628.351348958515 APERIODIC_JOB_ARRIVAL 1.26527321976605 35
628.885864584712 APERIODIC_JOB_ARRIVAL 0.112906735799454 92
629.445557848854 APERIODIC_JOB_ARRIVAL 3.07074398229103 75
630.564282435178 APERIODIC_JOB_ARRIVAL 2.75146839554386 69
631.493736617705 APERIODIC_JOB_ARRIVAL 0.609996133906217 36
633.154264580772 APERIODIC_JOB_ARRIVAL 0.187962199535234 74
636.114233193587 APERIODIC_JOB_ARRIVAL 3.98807305146246 14
636.135465182609 APERIODIC_JOB_ARRIVAL 1.79120442011283 4
636.907291198355 APERIODIC_JOB_ARRIVAL 0.963328919416815 64
637.148269256305 APERIODIC_JOB_ARRIVAL 1.9529773241372 23
637.395838996138 APERIODIC_JOB_ARRIVAL 0.392127907986417 89
640.646019791717 APERIODIC_JOB_ARRIVAL 1.28934471839472 45
640.854439854026 APERIODIC_JOB_ARRIVAL 0.611828046728557 59
642.869120464549 APERIODIC_JOB_ARRIVAL 0.301003568156056 68
643.03369456995 APERIODIC_JOB_ARRIVAL 2.75611341317432 80
644.26192264991 APERIODIC_JOB_ARRIVAL 0.765672112166507 38
645.149228506208 APERIODIC_JOB_ARRIVAL 2.48317257813572 46
646.399223828358 APERIODIC_JOB_ARRIVAL 0.997559815233205 19
647.24053143045 APERIODIC_JOB_ARRIVAL 1.20187824773337 61
647.669987676157 APERIODIC_JOB_ARRIVAL 0.0927165403605508 20
647.749067124541 APERIODIC_JOB_ARRIVAL 2.4808833411981 12
648.599550402263 APERIODIC_JOB_ARRIVAL 0.364966162163166 23
648.913312901845 APERIODIC_JOB_ARRIVAL 0.00299022804269181 24
649.469647920653 APERIODIC_JOB_ARRIVAL 0.340941921072472 22
649.529051591902 APERIODIC_JOB_ARRIVAL 0.162782082833237 95
649.684969135021 APERIODIC_JOB_ARRIVAL 1.60713456241181 49
650.392669435777 APERIODIC_JOB_ARRIVAL 0.351606456806645 85
651.07276028764 APERIODIC_JOB_ARRIVAL 2.23274594298978 59
651.323336772717 APERIODIC_JOB_ARRIVAL 0.498037054927823 62
652.291360641183 APERIODIC_JOB_ARRIVAL 1.64829902786363 69
652.399411520308 APERIODIC_JOB_ARRIVAL 2.29931341648611 61
652.41766104787 APERIODIC_JOB_ARRIVAL 0.16809702773948 51
654.272485497381 APERIODIC_JOB_ARRIVAL 2.75223298613031 39
656.171838826338 APERIODIC_JOB_ARRIVAL 0.376804582507919 7
657.402833176336 APERIODIC_JOB_ARRIVAL 1.58575336908052 38
658.286783944386 APERIODIC_JOB_ARRIVAL 0.607803317829531 69
658.853483468183 APERIODIC_JOB_ARRIVAL 0.7822342434908 48
660.526405213402 APERIODIC_JOB_ARRIVAL 0.392809360928155 29
661.074008317996 APERIODIC_JOB_ARRIVAL 2.11173985107941 56
661.162889365817 APERIODIC_JOB_ARRIVAL 2.28894324763681 37
661.721462690221 APERIODIC_JOB_ARRIVAL 0.175875466334054 98
662.446481390054 APERIODIC_JOB_ARRIVAL 0.0638687823875797 93
665.106130620699 APERIODIC_JOB_ARRIVAL 2.14849720963216 60
665.527826519917 APERIODIC_JOB_ARRIVAL 0.340953627242015 85
668.542711028652 APERIODIC_JOB_ARRIVAL 3.9420179155767 83
669.150477735828 APERIODIC_JOB_ARRIVAL 1.04608462568897 41
670.430215131518 APERIODIC_JOB_ARRIVAL 0.202294118853644 86
671.454640949508 APERIODIC_JOB_ARRIVAL 0.210894836809133 13
672.901947785128 APERIODIC_JOB_ARRIVAL 0.651405664974177 3
673.25701871473 APERIODIC_JOB_ARRIVAL 1.24318558246484 9
674.165727956401 APERIODIC_JOB_ARRIVAL 6.83350229301511 74
674.73349754623 APERIODIC_JOB_ARRIVAL 0.0721492399876803 64
675.600300322973 APERIODIC_JOB_ARRIVAL 0.730599971588264 91
676.676917959543 APERIODIC_JOB_ARRIVAL 0.295596565972804 77
677.988131032291 APERIODIC_JOB_ARRIVAL 0.00576977996553816 46
679.594055396333 APERIODIC_JOB_ARRIVAL 0.255137583897368 87
680.709001030051 APERIODIC_JOB_ARRIVAL 1.73990490128135 37
681.551023162221 APERIODIC_JOB_ARRIVAL 0.706597813102756 84
684.248010068189 APERIODIC_JOB_ARRIVAL 4.15805337838337 66
684.522685379485 APERIODIC_JOB_ARRIVAL 0.499233534611993 36
685.142555760073 APERIODIC_JOB_ARRIVAL 0.755326969649255 44
686.114695498191 APERIODIC_JOB_ARRIVAL 2.80890332398914 95
686.73444373127 APERIODIC_JOB_ARRIVAL 0.217698898647743 38
688.207389692288 APERIODIC_JOB_ARRIVAL 0.623378442559713 2
688.444982344532 APERIODIC_JOB_ARRIVAL 0.134491512995664 80
689.634566894682 APERIODIC_JOB_ARRIVAL 0.826066991261273 97
691.349884447081 APERIODIC_JOB_ARRIVAL 4.78967366509233 72
692.271968648911 APERIODIC_JOB_ARRIVAL 1.68732986128003 76
692.730926978245 APERIODIC_JOB_ARRIVAL 0.194672214878622 21
694.01181230553 APERIODIC_JOB_ARRIVAL 1.15898595732101 97
694.459623954492 APERIODIC_JOB_ARRIVAL 0.0482866304982349 2
694.658283307441 APERIODIC_JOB_ARRIVAL 1.02737620340796 88
694.993180773675 APERIODIC_JOB_ARRIVAL 0.713726748379225 72
695.085333663544 APERIODIC_JOB_ARRIVAL 1.77254688481587 67
695.446221109112 APERIODIC_JOB_ARRIVAL 0.646244502011921 45
697.731070713913 APERIODIC_JOB_ARRIVAL 0.072927213076973 76
697.831906201373 APERIODIC_JOB_ARRIVAL 3.05056977167003 93
703.661328168661 APERIODIC_JOB_ARRIVAL 0.307670725270225 89
705.42414444489 APERIODIC_JOB_ARRIVAL 1.68336896352932 74
706.047132370192 APERIODIC_JOB_ARRIVAL 0.103919026406775 89
706.603219526402 APERIODIC_JOB_ARRIVAL 2.3347075112917 52
707.179734559379 APERIODIC_JOB_ARRIVAL 2.12902258757754 38
707.683366904902 APERIODIC_JOB_ARRIVAL 0.526801298133967 5
708.678852788407 APERIODIC_JOB_ARRIVAL 0.997927129286768 41
709.095530255781 APERIODIC_JOB_ARRIVAL 0.142164435364532 15
709.484132699918 APERIODIC_JOB_ARRIVAL 1.38986664914746 59
709.672230011327 APERIODIC_JOB_ARRIVAL 0.106162804976747 72
711.626864612558 APERIODIC_JOB_ARRIVAL 0.204326814302718 4
712.377059304428 APERIODIC_JOB_ARRIVAL 0.391953293841246 11
714.355022114745 APERIODIC_JOB_ARRIVAL 2.05153532965033 63
715.328666274711 APERIODIC_JOB_ARRIVAL 2.32082192309893 80
715.819452310083 APERIODIC_JOB_ARRIVAL 0.364122702066502 31
715.968997582916 APERIODIC_JOB_ARRIVAL 0.745162106542078 78
716.439600340326 APERIODIC_JOB_ARRIVAL 0.529463396899155 16
717.918087754068 APERIODIC_JOB_ARRIVAL 4.09911878573061 61
718.201134810503 APERIODIC_JOB_ARRIVAL 0.583410557595209 81
721.517045068952 APERIODIC_JOB_ARRIVAL 1.26448814531769 75
722.009684616036 APERIODIC_JOB_ARRIVAL 0.91526489357256 63
722.608400349539 APERIODIC_JOB_ARRIVAL 2.16740642742444 4
724.3457375908 APERIODIC_JOB_ARRIVAL 1.87545587042449 33
725.698493854993 APERIODIC_JOB_ARRIVAL 3.8479012110583 50
725.929983215749 APERIODIC_JOB_ARRIVAL 0.505975698034216 65
725.946327602206 APERIODIC_JOB_ARRIVAL 0.958241015379215 49
727.94954128114 APERIODIC_JOB_ARRIVAL 0.814777936405936 57
728.402349242344 APERIODIC_JOB_ARRIVAL 0.0751383427159907 27
728.407255371386 APERIODIC_JOB_ARRIVAL 0.511888934365928 40
729.182306882083 APERIODIC_JOB_ARRIVAL 1.29858247819194 26
729.221990871072 APERIODIC_JOB_ARRIVAL 0.369736851687248 37
729.963470875746 APERIODIC_JOB_ARRIVAL 0.369833234015774 4
734.111660507777 APERIODIC_JOB_ARRIVAL 0.157313675053723 5
734.436782501526 APERIODIC_JOB_ARRIVAL 2.46315190722767 87
735.468275799193 APERIODIC_JOB_ARRIVAL 0.35885895748032 22
735.469364315041 APERIODIC_JOB_ARRIVAL 1.48328277971917 94
735.674681314377 APERIODIC_JOB_ARRIVAL 0.320395959829585 45
736.307211930575 APERIODIC_JOB_ARRIVAL 0.934471308303586 39
737.000781508037 APERIODIC_JOB_ARRIVAL 0.88678790350358 22
737.335168907805 APERIODIC_JOB_ARRIVAL 2.60185767110628 20
737.618601485498 APERIODIC_JOB_ARRIVAL 0.916666791046626 74
743.454445571314 APERIODIC_JOB_ARRIVAL 2.64245080005868 5
744.595012966917 APERIODIC_JOB_ARRIVAL 0.21807684838449 46
745.343129757447 APERIODIC_JOB_ARRIVAL 0.112595661145277 92
746.345780255626 APERIODIC_JOB_ARRIVAL 0.835247793249983 35
746.805620354485 APERIODIC_JOB_ARRIVAL 0.258616134297256 51
747.301639776077 APERIODIC_JOB_ARRIVAL 0.0933548290791016 17
747.344945192314 APERIODIC_JOB_ARRIVAL 0.0216112728962999 10
748.664817106063 APERIODIC_JOB_ARRIVAL 0.924432478148686 86
749.723868772603 APERIODIC_JOB_ARRIVAL 1.25900504754002 3
749.853107678001 APERIODIC_JOB_ARRIVAL 0.567938791206469 25
750.633801335262 APERIODIC_JOB_ARRIVAL 1.13144444794731 97
751.699127165891 APERIODIC_JOB_ARRIVAL 0.153402981532433 77
752.654168110677 APERIODIC_JOB_ARRIVAL 0.179459441134935 36
752.675333066709 APERIODIC_JOB_ARRIVAL 1.04626738426719 66
752.879961856168 APERIODIC_JOB_ARRIVAL 0.0581483832980014 90
753.825648480327 APERIODIC_JOB_ARRIVAL 2.93793591467259 24
754.005481779588 APERIODIC_JOB_ARRIVAL 0.823262716632765 61
754.602414062968 APERIODIC_JOB_ARRIVAL 0.426373922219302 0
754.857159222873 APERIODIC_JOB_ARRIVAL 0.96997765380031 68
755.355360951506 APERIODIC_JOB_ARRIVAL 0.879686827597471 80
756.075703203062 APERIODIC_JOB_ARRIVAL 3.77214755084288 51
757.236064375487 APERIODIC_JOB_ARRIVAL 0.365477510424417 11
758.085476769488 APERIODIC_JOB_ARRIVAL 0.421615795024371 21
759.259434351344 APERIODIC_JOB_ARRIVAL 3.74212686099914 82
759.278108336093 APERIODIC_JOB_ARRIVAL 0.784701075901625 54
762.302486819176 APERIODIC_JOB_ARRIVAL 0.410648369947573 75
762.304126696978 APERIODIC_JOB_ARRIVAL 1.40853134735693 63
764.113329636554 APERIODIC_JOB_ARRIVAL 0.360182289396957 60
765.113995845716 APERIODIC_JOB_ARRIVAL 1.38085314723219 1
765.241259968801 APERIODIC_JOB_ARRIVAL 0.232595261413112 91
768.348567474413 APERIODIC_JOB_ARRIVAL 0.649699022714748 61
770.937939529362 APERIODIC_JOB_ARRIVAL 0.00649200891393463 90
771.122055966648 APERIODIC_JOB_ARRIVAL 0.316014867861837 80
773.143207995127 APERIODIC_JOB_ARRIVAL 0.267659697280405 38
777.538760917496 APERIODIC_JOB_ARRIVAL 1.76574314277699 12
777.962656987377 APERIODIC_JOB_ARRIVAL 0.217648386053449 76
778.201546147249 APERIODIC_JOB_ARRIVAL 1.69066992925859 85
778.723052065444 APERIODIC_JOB_ARRIVAL 2.21302441881329 8
780.393590164054 APERIODIC_JOB_ARRIVAL 0.0953435397232708 32
780.746450243676 APERIODIC_JOB_ARRIVAL 0.713524574727879 47
781.42304387789 APERIODIC_JOB_ARRIVAL 0.0522965315522495 36
782.100107019052 APERIODIC_JOB_ARRIVAL 0.591799045299362 52
783.245742735328 APERIODIC_JOB_ARRIVAL 3.30214001610565 38
783.354011551913 APERIODIC_JOB_ARRIVAL 0.45869971067691 80
785.025934742199 APERIODIC_JOB_ARRIVAL 1.20563622800968 74
785.046442805712 APERIODIC_JOB_ARRIVAL 0.0124009216003426 2
785.656261521273 APERIODIC_JOB_ARRIVAL 0.243082943592732 78
787.983295445984 APERIODIC_JOB_ARRIVAL 0.19377637808452 40
788.422661803009 APERIODIC_JOB_ARRIVAL 1.45990645897739 4
788.685736041956 APERIODIC_JOB_ARRIVAL 0.369686476319038 76
788.840829192587 APERIODIC_JOB_ARRIVAL 0.59459982342538 46
790.08975898174 APERIODIC_JOB_ARRIVAL 0.378224759766971 82
790.207791396684 APERIODIC_JOB_ARRIVAL 1.09849043532474 74
790.635697479516 APERIODIC_JOB_ARRIVAL 1.0869807508474 51
790.665196845054 APERIODIC_JOB_ARRIVAL 0.467792140018268 61
792.275744668024 APERIODIC_JOB_ARRIVAL 0.0205891800313762 45
793.134236883395 APERIODIC_JOB_ARRIVAL 0.659397743531459 32
793.621042960897 APERIODIC_JOB_ARRIVAL 0.671266119016476 30
794.619551439221 APERIODIC_JOB_ARRIVAL 2.70595667888184 9
796.894814391421 APERIODIC_JOB_ARRIVAL 0.0645470895862133 13
797.674415586903 APERIODIC_JOB_ARRIVAL 0.522169104803804 93
799.582107112856 APERIODIC_JOB_ARRIVAL 0.696707535970685 81
800.846413213502 APERIODIC_JOB_ARRIVAL 1.90481794811919 43
804.304733330884 APERIODIC_JOB_ARRIVAL 0.473764495821 24
806.028255499504 APERIODIC_JOB_ARRIVAL 0.162574271330238 10
806.20286885716 APERIODIC_JOB_ARRIVAL 0.615626138092126 22
806.778223622158 APERIODIC_JOB_ARRIVAL 0.297738364834182 39
810.312883001995 APERIODIC_JOB_ARRIVAL 0.788616305961241 47
810.484177551888 APERIODIC_JOB_ARRIVAL 0.842373029651545 24
811.864473200416 APERIODIC_JOB_ARRIVAL 1.69489093088658 44
812.252972508638 APERIODIC_JOB_ARRIVAL 2.18870369152023 29
812.809007749257 APERIODIC_JOB_ARRIVAL 0.859572114560835 71
813.092337892541 APERIODIC_JOB_ARRIVAL 0.22254081810585 90
813.286403128311 APERIODIC_JOB_ARRIVAL 0.397696605851553 90
813.786279018584 APERIODIC_JOB_ARRIVAL 1.49142851926411 7
814.625288971571 APERIODIC_JOB_ARRIVAL 0.365196909472403 3
817.179750457222 APERIODIC_JOB_ARRIVAL 0.559056870750305 87
819.083830674252 APERIODIC_JOB_ARRIVAL 0.597517659610914 19
819.096448788443 APERIODIC_JOB_ARRIVAL 3.66847636356419 78
819.533994198729 APERIODIC_JOB_ARRIVAL 0.076507449561563 60
821.897336702526 APERIODIC_JOB_ARRIVAL 0.0928185368216626 7
822.559061490859 APERIODIC_JOB_ARRIVAL 0.613935803158009 30
822.891860206178 APERIODIC_JOB_ARRIVAL 2.38442156674488 51
824.505303248624 APERIODIC_JOB_ARRIVAL 1.70410615841798 49
824.890821436025 APERIODIC_JOB_ARRIVAL 1.08620630088502 16
827.83783216863 APERIODIC_JOB_ARRIVAL 0.576779405161784 20
830.045293369619 APERIODIC_JOB_ARRIVAL 0.201954687511843 14
831.571553574983 APERIODIC_JOB_ARRIVAL 1.56054850967964 7
831.838008863094 APERIODIC_JOB_ARRIVAL 0.822553978924111 71
833.70690633349 APERIODIC_JOB_ARRIVAL 2.23071587179084 17
833.85643114211 APERIODIC_JOB_ARRIVAL 2.77662613611934 3
835.516776753235 APERIODIC_JOB_ARRIVAL 0.585926373054008 73
838.895926330749 APERIODIC_JOB_ARRIVAL 0.220636151217366 71
840.894672777811 APERIODIC_JOB_ARRIVAL 0.394004772965659 34
842.10328363784 APERIODIC_JOB_ARRIVAL 0.528620275739868 83
842.296895050627 APERIODIC_JOB_ARRIVAL 0.145547050525606 56
843.319356890641 APERIODIC_JOB_ARRIVAL 1.01763752956682 59
844.92592269385 APERIODIC_JOB_ARRIVAL 0.260094694149026 43
845.092752921852 APERIODIC_JOB_ARRIVAL 1.31081406231524 93
845.603768736616 APERIODIC_JOB_ARRIVAL 1.6479859087129 90
846.60694811803 APERIODIC_JOB_ARRIVAL 0.646370276596519 16
846.708096675468 APERIODIC_JOB_ARRIVAL 1.77995359863764 18
848.412538198363 APERIODIC_JOB_ARRIVAL 2.15976380702614 37
852.642958390583 APERIODIC_JOB_ARRIVAL 0.335275990816698 32
852.65170120892 APERIODIC_JOB_ARRIVAL 0.490328211403314 34
854.093029619191 APERIODIC_JOB_ARRIVAL 1.11053074499305 13
855.260281551815 APERIODIC_JOB_ARRIVAL 1.13589056424782 42
855.501597259634 APERIODIC_JOB_ARRIVAL 1.4559270319305 13
857.476784314804 APERIODIC_JOB_ARRIVAL 1.35414760543105 88
858.491357483305 APERIODIC_JOB_ARRIVAL 0.34276059790826 21
858.894262419086 APERIODIC_JOB_ARRIVAL 0.256584966095765 54
863.858658736093 APERIODIC_JOB_ARRIVAL 0.254264386979992 31
864.89390322808 APERIODIC_JOB_ARRIVAL 0.00308348670555236 46
865.109633982366 APERIODIC_JOB_ARRIVAL 0.518075530265722 89
866.047208361451 APERIODIC_JOB_ARRIVAL 2.66288869072568 42
867.07900217434 APERIODIC_JOB_ARRIVAL 1.02672936111434 91
867.14678316126 APERIODIC_JOB_ARRIVAL 0.0675446413880521 54
867.669757986422 APERIODIC_JOB_ARRIVAL 2.85879545331191 23
869.721255862358 APERIODIC_JOB_ARRIVAL 0.178603414764669 14
869.745129235545 APERIODIC_JOB_ARRIVAL 0.827710106931646 51
873.121069265962 APERIODIC_JOB_ARRIVAL 1.96122707954016 6
873.940573450925 APERIODIC_JOB_ARRIVAL 0.338052113105047 76
876.474958817018 APERIODIC_JOB_ARRIVAL 2.12682687849645 65
877.021857968969 APERIODIC_JOB_ARRIVAL 0.183381829540936 0
878.722459808585 APERIODIC_JOB_ARRIVAL 0.142967916505985 35
879.232694397924 APERIODIC_JOB_ARRIVAL 0.0593936732197418 90
879.92979314503 APERIODIC_JOB_ARRIVAL 0.666938627459304 92
880.356982074641 APERIODIC_JOB_ARRIVAL 2.25565593875128 65
883.992226703719 APERIODIC_JOB_ARRIVAL 0.763062591925118 43
885.010521126739 APERIODIC_JOB_ARRIVAL 1.49541662337711 69
885.619360456972 APERIODIC_JOB_ARRIVAL 0.868000915693507 81
886.542413151179 APERIODIC_JOB_ARRIVAL 0.389017855675744 42
887.781114181136 APERIODIC_JOB_ARRIVAL 0.540799238867644 22
888.376132547818 APERIODIC_JOB_ARRIVAL 0.655823084599978 10
889.998890703696 APERIODIC_JOB_ARRIVAL 2.35119608420967 39
891.892336477228 APERIODIC_JOB_ARRIVAL 0.569009785670852 96
892.258102762762 APERIODIC_JOB_ARRIVAL 1.57108445913872 75
892.789208514124 APERIODIC_JOB_ARRIVAL 0.75871497779748 18
892.85467481693 APERIODIC_JOB_ARRIVAL 0.310524994267178 62
893.329966472422 APERIODIC_JOB_ARRIVAL 0.23508498945059 88
897.274639747832 APERIODIC_JOB_ARRIVAL 1.65586247105849 44
897.552577110187 APERIODIC_JOB_ARRIVAL 0.150206629255135 36
901.951059026019 APERIODIC_JOB_ARRIVAL 1.63191538403254 66
903.486206672378 APERIODIC_JOB_ARRIVAL 0.145723033503748 54
904.012625647787 APERIODIC_JOB_ARRIVAL 0.142789641803837 53
904.806454347728 APERIODIC_JOB_ARRIVAL 2.83603733649845 94
905.615304793525 APERIODIC_JOB_ARRIVAL 0.262101894184455 91
908.131576166816 APERIODIC_JOB_ARRIVAL 0.44456261302023 57
909.756629619906 APERIODIC_JOB_ARRIVAL 2.28799513885139 39
913.633826268847 APERIODIC_JOB_ARRIVAL 0.3779364064576 58
914.743804115458 APERIODIC_JOB_ARRIVAL 0.314299626195663 43
915.952734996317 APERIODIC_JOB_ARRIVAL 0.66074333004998 34
916.080160677256 APERIODIC_JOB_ARRIVAL 0.862751651146595 73
916.374659088934 APERIODIC_JOB_ARRIVAL 0.951948748096405 35
916.849024897849 APERIODIC_JOB_ARRIVAL 4.42061559071832 23
917.079117015155 APERIODIC_JOB_ARRIVAL 0.343049151056297 37
919.673408268237 APERIODIC_JOB_ARRIVAL 1.41018055706805 49
921.235589590461 APERIODIC_JOB_ARRIVAL 0.152962129970195 95
922.223637237898 APERIODIC_JOB_ARRIVAL 1.22667030513497 82
924.12626823182 APERIODIC_JOB_ARRIVAL 1.34678453594318 92
925.354605520129 APERIODIC_JOB_ARRIVAL 0.932797693483346 47
925.361694826013 APERIODIC_JOB_ARRIVAL 1.56231290444203 23
926.743464171387 APERIODIC_JOB_ARRIVAL 0.17685203883871 60
927.510007926724 APERIODIC_JOB_ARRIVAL 0.268626555320401 78
927.574626151751 APERIODIC_JOB_ARRIVAL 1.34674463696853 39
929.349044987843 APERIODIC_JOB_ARRIVAL 0.468655504474094 59
930.457970119357 APERIODIC_JOB_ARRIVAL 2.86502259858922 74
930.628826150628 APERIODIC_JOB_ARRIVAL 0.317280002182373 45
930.808525636952 APERIODIC_JOB_ARRIVAL 0.404459907214833 88
931.32251303382 APERIODIC_JOB_ARRIVAL 1.73020111168919 18
932.61171785386 APERIODIC_JOB_ARRIVAL 1.1561772238355 24
932.792079092759 APERIODIC_JOB_ARRIVAL 0.235775192289844 12
933.039544488574 APERIODIC_JOB_ARRIVAL 0.767085931986223 4
934.12501008769 APERIODIC_JOB_ARRIVAL 0.440702078933435 38
934.765952158673 APERIODIC_JOB_ARRIVAL 1.11084895956167 90
935.625037908791 APERIODIC_JOB_ARRIVAL 0.183267296883133 57
935.965687730611 APERIODIC_JOB_ARRIVAL 0.601316319649147 57
936.151529336292 APERIODIC_JOB_ARRIVAL 0.517066151383704 45
936.737305971789 APERIODIC_JOB_ARRIVAL 0.292344379880348 60
937.063701075425 APERIODIC_JOB_ARRIVAL 0.0348275169436199 86
938.993219065359 APERIODIC_JOB_ARRIVAL 1.04572620401825 26
939.387866982768 APERIODIC_JOB_ARRIVAL 2.5542011625048 2
943.098144802563 APERIODIC_JOB_ARRIVAL 1.12700315033902 59
943.635522545481 APERIODIC_JOB_ARRIVAL 0.80880884103622 19
945.52787925429 APERIODIC_JOB_ARRIVAL 1.35848697089175 54
945.620198561756 APERIODIC_JOB_ARRIVAL 0.38896938040211 22
946.351690314568 APERIODIC_JOB_ARRIVAL 2.56379691770288 94
946.621042502623 APERIODIC_JOB_ARRIVAL 1.36904692661801 14
947.449219231987 APERIODIC_JOB_ARRIVAL 0.0670990846521297 87
947.710938071778 APERIODIC_JOB_ARRIVAL 0.523215361107093 39
948.909412328522 APERIODIC_JOB_ARRIVAL 0.127534380576895 4
951.650813813009 APERIODIC_JOB_ARRIVAL 0.0639130163064883 28
953.798601740143 APERIODIC_JOB_ARRIVAL 1.39267252833239 79
954.184828794571 APERIODIC_JOB_ARRIVAL 0.878945746676613 55
954.560109235872 APERIODIC_JOB_ARRIVAL 1.0517310907807 24
956.177756023426 APERIODIC_JOB_ARRIVAL 1.7541847633397 70
957.325324381764 APERIODIC_JOB_ARRIVAL 0.839320024555591 49
958.709926572389 APERIODIC_JOB_ARRIVAL 0.450765565917876 54
958.807754175087 APERIODIC_JOB_ARRIVAL 1.16880474180915 83
959.183160001179 APERIODIC_JOB_ARRIVAL 0.283156710998461 15
961.610363852652 APERIODIC_JOB_ARRIVAL 0.233935737527075 76
962.177056968189 APERIODIC_JOB_ARRIVAL 0.688450165706262 63
963.023698638148 APERIODIC_JOB_ARRIVAL 3.72901841622403 27
964.614524857254 APERIODIC_JOB_ARRIVAL 1.6408058857947 95
964.619022795487 APERIODIC_JOB_ARRIVAL 0.423500368026573 59
964.802705842068 APERIODIC_JOB_ARRIVAL 0.271225079394408 96
966.28253152528 APERIODIC_JOB_ARRIVAL 2.43478829692155 64
967.831874218099 APERIODIC_JOB_ARRIVAL 0.420785541859569 98
968.800587061821 APERIODIC_JOB_ARRIVAL 0.297760250154451 35
968.914853336123 APERIODIC_JOB_ARRIVAL 1.9103319585795 85
969.964089558035 APERIODIC_JOB_ARRIVAL 2.02087197070642 1
970.441643383026 APERIODIC_JOB_ARRIVAL 0.542494388298144 87
971.132712863969 APERIODIC_JOB_ARRIVAL 0.467071744557659 45
971.565990962014 APERIODIC_JOB_ARRIVAL 0.447492576437524 10
971.824237289079 APERIODIC_JOB_ARRIVAL 0.23916934735873 49
972.65564418718 APERIODIC_JOB_ARRIVAL 0.413515498026807 36
973.008633964264 APERIODIC_JOB_ARRIVAL 0.816113187683151 37
973.38721511066 APERIODIC_JOB_ARRIVAL 0.459460293721067 93
973.766116774658 APERIODIC_JOB_ARRIVAL 0.0423333801017839 84
976.14227561123 APERIODIC_JOB_ARRIVAL 0.600265580106481 86
977.433940337898 APERIODIC_JOB_ARRIVAL 0.0144811816304493 4
977.779611647602 APERIODIC_JOB_ARRIVAL 0.0802648331780779 16
978.279403031238 APERIODIC_JOB_ARRIVAL 0.0111703420949197 3
979.887796146106 APERIODIC_JOB_ARRIVAL 0.13410244684753 27
979.960933211391 APERIODIC_JOB_ARRIVAL 1.66111149131521 37
980.548947785775 APERIODIC_JOB_ARRIVAL 0.151591222771095 24
982.427833940334 APERIODIC_JOB_ARRIVAL 1.28964914906122 13
982.490490067397 APERIODIC_JOB_ARRIVAL 1.01100292797901 87
982.912790722114 APERIODIC_JOB_ARRIVAL 2.00159078058326 0
983.426491617114 APERIODIC_JOB_ARRIVAL 0.739182890427378 50
983.599191284666 APERIODIC_JOB_ARRIVAL 2.17057121320127 66
984.950267149446 APERIODIC_JOB_ARRIVAL 0.953417496138621 71
986.289561297649 APERIODIC_JOB_ARRIVAL 0.193328821021837 39
987.409768767014 APERIODIC_JOB_ARRIVAL 0.698522797226858 84
989.977872131289 APERIODIC_JOB_ARRIVAL 3.32193616660159 22
991.203312678198 APERIODIC_JOB_ARRIVAL 0.74297273681183 25
993.546158185419 APERIODIC_JOB_ARRIVAL 1.00901184741968 24
993.769783799689 APERIODIC_JOB_ARRIVAL 1.75567666302853 50
994.922656496368 APERIODIC_JOB_ARRIVAL 0.576151128122218 61
996.813371510814 APERIODIC_JOB_ARRIVAL 1.91623716597208 85
998.140518890064 APERIODIC_JOB_ARRIVAL 1.77528315858681 8
998.993716832373 APERIODIC_JOB_ARRIVAL 1.92668022525696 95
999.727624978281 APERIODIC_JOB_ARRIVAL 1.74324788635478 80
1000.84517281974 APERIODIC_JOB_ARRIVAL 0.0572823381890816 38
